%[1, 1]% [56.345998383185126, 50.64724919093852, 0.6322815533980582, 0.6321746160064673, -8, [1023, 214], [1019, 217], [2041, 431], 5.698749192246609, 0.044409548676901264, 0.15719775086366916]
%[1, 2]% [56.07940446650124, 50.74503311258278, 0.6399006622516556, 0.6401985111662531, -64, [988, 221], [989, 219], [1977, 439], 5.334371353918456, 0.0456893921194487, 0.15208947229681627]
%[1, 3]% [57.0154095701541, 50.649350649350644, 0.6164772727272727, 0.6001622060016221, -16, [895, 338], [946, 286], [1840, 624], 6.366058920803454, 0.040740620006214485, 0.15779193347202766]
%[1, 4]% [56.574675324675326, 50.69049553208773, 0.5308692120227457, 0.5381493506493507, -18, [1144, 88], [1167, 64], [2310, 152], 5.884179792587595, 0.012809242057567878, 0.16252467885786173]
%[1, 5]% [56.66936135812449, 50.080906148867314, 0.6237864077669902, 0.6224737267582862, -8, [1035, 202], [1030, 206], [2064, 408], 6.588455209257177, 0.0424915097870873, 0.15772723271715017]
%[1, 6]% [56.518218623481786, 50.68825910931174, 0.6265694613203726, 0.6251012145748988, -11, [1037, 198], [1031, 204], [2067, 402], 5.829959514170049, 0.04181809698632489, 0.15782677013541258]
%[1, 7]% [56.770395290159804, 50.3784693019344, 0.6226335717290703, 0.6349873843566022, -103, [968, 221], [999, 190], [1966, 411], 6.3919259882254025, 0.03895059994002275, 0.1511978397285807]
%[1, 8]% [57.189277010560524, 50.0406834825061, 0.49247661651077673, 0.49715678310316813, -21, [708, 523], [770, 459], [1477, 982], 7.148593528054427, 0.0033755279159390764, 0.16285161261083464]
%[1, 9]% [56.45816409423233, 50.61025223759154, 0.6193574623830825, 0.619821283509342, -21, [1032, 199], [1032, 197], [2063, 396], 5.847911856640792, 0.041524177840590815, 0.15750265940910632]
%[1, 10]% [55.88952071486596, 49.71521562245728, 0.6266775111834079, 0.6246953696181966, -21, [692, 539], [722, 507], [1413, 1046], 6.17430509240868, 0.04627050278195524, 0.15617367290828582]
%[1, 11]% [56.45028759244043, 49.75328947368421, 0.6245888157894737, 0.6220213640098603, -48, [1000, 217], [992, 224], [1992, 440], 6.69699811875622, 0.04063103303901459, 0.1553761619742318]
%[1, 12]% [58.06974858069749, 50.20308692120228, 0.6321559074299634, 0.624493106244931, -17, [962, 271], [981, 250], [1943, 520], 7.866661659495215, 0.045458274549746776, 0.15653055960142048]
%[1, 13]% [56.59295659295659, 50.65573770491804, 0.6364754098360655, 0.633087633087633, -40, [1007, 214], [998, 222], [2004, 436], 5.937218888038551, 0.04478363531534789, 0.15482953447441494]
%[1, 14]% [56.275635767022145, 50.4519309778143, 0.6114989733059548, 0.6103363412633306, -45, [998, 221], [998, 219], [1995, 440], 5.823704789207845, 0.03623611148622736, 0.15672435134520124]
%[1, 15]% [56.72757475083057, 50.12468827930174, 0.6313383208645054, 0.6337209302325582, -74, [979, 225], [996, 207], [1975, 431], 6.6028864715288265, 0.04375424587221217, 0.15209819589299245]
%[1, 16]% [56.42915642915642, 50.204750204750205, 0.6296599754199099, 0.6281736281736282, -39, [1020, 201], [1019, 202], [2038, 403], 6.224406224406216, 0.043517775439864445, 0.1551830084683547]
%[1, 17]% [58.077879038939514, 54.107883817427386, 0.5192866030692659, 0.5236122618061309, -69, [887, 320], [1064, 141], [1950, 461], 3.9699952215121286, 0.00502584906150473, 0.15852762826625497]
%[1, 18]% [57.07196029776674, 50.248344370860934, 0.6200331125827815, 0.6261373035566584, -64, [1012, 197], [1029, 179], [2040, 376], 6.823615926905809, 0.0413311587165523, 0.15333173349533566]
%[1, 19]% [57.368859283930064, 50.74999999999999, 0.6108333333333333, 0.6003330557868443, -80, [975, 226], [984, 216], [1958, 442], 6.618859283930071, 0.03951027954618136, 0.15237607408161608]
%[1, 20]% [55.636658556366584, 52.87915652879156, 0.5200811359026369, 0.527169505271695, -15, [1041, 192], [1026, 207], [2066, 399], 2.757502027575022, 0.011675622400357322, 0.16281627262669773]
%[1, 21]% [56.58217497955847, 50.776778413736714, 0.6298568507157464, 0.6304170073589533, -35, [1012, 211], [1012, 211], [2023, 422], 5.805396565821752, 0.041993206702858395, 0.155802135774299]
%[1, 22]% [56.82382133995038, 50.579470198675494, 0.6154801324503312, 0.6162117452440034, -64, [1017, 192], [1023, 185], [2040, 376], 6.244351141274883, 0.03729679173981117, 0.154363097452112]
%[1, 23]% [56.09756097560976, 50.44751830756713, 0.612286411716843, 0.6138211382113821, -22, [1049, 181], [1046, 183], [2094, 364], 5.65004266804263, 0.03904078790479991, 0.15811455152332685]
%[1, 24]% [56.688417618270805, 51.26530612244898, 0.6212244897959184, 0.6215334420880914, -30, [1046, 180], [1032, 193], [2077, 373], 5.423111495821821, 0.04166821129468023, 0.15697883669602694]
%[1, 25]% [57.60330578512397, 52.605459057071954, 0.597601323407775, 0.5942148760330579, -62, [1020, 190], [1019, 190], [2038, 380], 4.997846728052018, 0.02599641978987196, 0.15666254901873172]
%[1, 26]% [56.0717196414018, 52.326530612244895, 0.5201958384332925, 0.5362673186634067, -29, [1175, 52], [1191, 34], [2365, 86], 3.7451890291569043, 0.007025996941247798, 0.16225025607980886]
%[1, 27]% [57.55573905862923, 50.454921422663354, 0.5386523356758991, 0.5243600330305532, -61, [854, 357], [856, 353], [1710, 709], 7.100817635965875, 0.01486290866257288, 0.1582641895906642]
%[1, 28]% [56.663872590108966, 50.46179680940386, 0.6319765002098195, 0.6311818943839062, -97, [982, 211], [988, 203], [1969, 414], 6.202075780705108, 0.043588101688774, 0.14985480770998752]
%[1, 29]% [56.36057287278854, 50.210970464135016, 0.6339097427245888, 0.6343723673125526, -109, [977, 210], [990, 195], [1967, 404], 6.1496024086535215, 0.04356811123022999, 0.14910433265146084]
%[1, 30]% [56.65818490245971, 51.61290322580645, 0.5887096774193549, 0.5657336726039016, -124, [860, 319], [950, 228], [1809, 547], 5.045281676653261, 0.03457039842581304, 0.15064657335623788]
%[1, 31]% [56.1034761519806, 50.728155339805824, 0.6314724919093851, 0.629749393694422, -8, [1030, 207], [1028, 208], [2057, 415], 5.3753208121747775, 0.0450741663141158, 0.1570083958048002]
%[1, 32]% [57.3905862923204, 51.362510322047896, 0.5935563816604709, 0.5862923203963666, -59, [1053, 158], [1032, 179], [2085, 336], 6.0280759702725035, 0.03319857717298959, 0.15547216388268606]
%[1, 33]% [56.035889070146816, 51.02040816326531, 0.5816326530612245, 0.5709624796084829, -30, [620, 606], [632, 593], [1251, 1199], 5.015480906881507, 0.03375842843736921, 0.15886852150573405]
%[1, 34]% [56.26016260162602, 50.20341741253051, 0.6240846216436127, 0.6203252032520326, -22, [1033, 197], [1025, 204], [2057, 401], 6.056745189095508, 0.0419887275206936, 0.1573570591508618]
%[1, 35]% [57.15453802125919, 50.36794766966476, 0.6179959100204498, 0.6140637775960752, -35, [977, 246], [1003, 220], [1979, 466], 6.786590351594434, 0.040775057045716205, 0.15612549726959146]
%[1, 36]% [56.1216105176664, 52.341824157765, 0.521167283189478, 0.5341002465078061, -47, [821, 396], [755, 462], [1575, 858], 3.7797863599014008, 0.00910894100527875, 0.16032249984894942]
%[1, 37]% [57.55102040816327, 51.307189542483655, 0.5657679738562091, 0.5689795918367347, -32, [1129, 96], [1117, 107], [2245, 203], 6.243830865679612, 0.021929696202278137, 0.15980500048528756]
%[1, 38]% [56.95473251028807, 50.78318219291014, 0.6168108776266996, 0.6065843621399177, -53, [918, 297], [939, 274], [1856, 571], 6.171550317377928, 0.041180924962565986, 0.1539354868084046]
%[1, 39]% [57.0954356846473, 50.70539419087137, 0.6297218762972188, 0.6307053941908713, -71, [980, 225], [979, 226], [1958, 451], 6.390041493775932, 0.04187829517239404, 0.15268175892236574]
%[1, 40]% [56.7699836867863, 50.61224489795918, 0.6208163265306123, 0.6207177814029364, -30, [1043, 183], [1030, 195], [2072, 378], 6.157738788827118, 0.04254694860808703, 0.15674285294531165]
%[1, 41]% [56.22457282343368, 51.342554922701375, 0.518925518925519, 0.5272579332790887, -23, [1177, 52], [1181, 48], [2357, 100], 4.882017900732308, 0.008133090119755845, 0.1626949319017356]
%[1, 42]% [57.632653061224495, 49.754901960784316, 0.6066176470588235, 0.6073469387755102, -32, [1044, 181], [1040, 184], [2083, 365], 7.877751100440179, 0.036991770847950106, 0.15700253489837704]
%[1, 43]% [57.445077298616766, 50.5700325732899, 0.5761400651465798, 0.5711960943856794, -24, [1041, 188], [1081, 147], [2121, 335], 6.875044725326866, 0.02689781275362456, 0.16069101128684193]
%[1, 44]% [57.445077298616766, 50.5700325732899, 0.5761400651465798, 0.5711960943856794, -24, [1041, 188], [1081, 147], [2121, 335], 6.875044725326866, 0.02689781275362456, 0.16069101128684193]
%[1, 45]% [56.575682382134, 50.248344370860934, 0.5620860927152318, 0.5674110835401158, -64, [1054, 155], [1085, 123], [2139, 277], 6.3273380112730635, 0.023817643177825094, 0.1570098006761478]
%[1, 46]% [56.53266331658291, 50.62866722548198, 0.6374685666387259, 0.6390284757118928, -94, [978, 216], [982, 211], [1959, 427], 5.903996091100929, 0.044599184546266796, 0.14960254386072064]
%[1, 47]% [56.96619950535862, 51.11294311624073, 0.48783505154639173, 0.5094806265457543, -55, [1112, 101], [1159, 54], [2271, 154], 5.853256389117888, -0.006684245817440072, 0.15922821027910342]
%[1, 48]% [56.53266331658291, 50.71248952221291, 0.6378876781223806, 0.6407035175879398, -94, [978, 216], [983, 210], [1960, 426], 5.82017379437, 0.04460087865715954, 0.14960203859386287]
%[1, 49]% [56.96619950535862, 51.11294311624073, 0.48783505154639173, 0.5094806265457543, -55, [1112, 101], [1159, 54], [2271, 154], 5.853256389117888, -0.006684245817440072, 0.15922821027910342]
%[1, 50]% [57.34208367514356, 50.656814449917896, 0.6042692939244664, 0.6111566858080394, -44, [1018, 201], [1048, 170], [2065, 371], 6.685269225225667, 0.03341614578549302, 0.15739999202859248]
