%[1, 1]% [53.34947538337369, 48.78836833602585, 0.3287560581583199, 0.3470540758676352, -8, [1058, 181], [1015, 223], [2072, 404], 4.561107047347839, -0.1633620165854163, 0.933987742402882]
%[1, 2]% [54.50041288191577, 50.247933884297524, 0.19586776859504132, 0.18414533443435177, -64, [822, 389], [837, 373], [1659, 761], 4.2524789976182475, -0.349467173095577, 0.8915507133853552]
%[1, 3]% [50.93117408906883, 49.35170178282009, 0.48905996758508913, 0.49230769230769234, -16, [1230, 5], [1230, 4], [2459, 9], 1.5794723062487392, -0.020183023023064364, 0.9492635424971639]
%[1, 4]% [54.13290113452188, 50.93268450932684, 0.5032441200324412, 0.48946515397082657, -18, [904, 330], [1037, 196], [1941, 525], 3.20021662519504, 0.053548788502268546, 0.9482048486391309]
%[1, 5]% [54.23728813559322, 51.050080775444265, 0.1401453957996769, 0.13801452784503632, -8, [798, 441], [787, 451], [1584, 892], 3.1872073601489532, -0.4186931869710204, 0.850679857172561]
%[1, 6]% [52.86984640258691, 51.333872271624905, 0.2523251112009705, 0.2497978981406629, -11, [879, 358], [906, 331], [1784, 689], 1.5359741309620034, -0.260397767230079, 0.9122030220805221]
%[1, 7]% [53.14861460957179, 50.545759865659114, 0.501469970600588, 0.5088161209068011, -103, [972, 219], [1068, 123], [2039, 342], 2.6028547439126726, 0.0016512672523649136, 0.9645774919694154]
%[1, 8]% [52.960259529602595, 49.30950446791227, 0.5054811205846529, 0.5093268450932684, -21, [1166, 67], [1182, 49], [2347, 116], 3.650755061690326, 0.027665030990148335, 0.9497919377747118]
%[1, 9]% [52.55474452554745, 49.39073923639318, 0.5501421031262688, 0.5417680454176804, -21, [644, 589], [648, 583], [1291, 1172], 3.164005289154268, 0.13148515610689077, 0.9410499569724176]
%[1, 10]% [51.338199513382, 48.7408610885459, 0.49086479902557856, 0.49472830494728304, -21, [1224, 9], [1217, 14], [2440, 23], 2.597338424836103, -0.018410970368038772, 0.9500164674152467]
%[1, 11]% [53.240360951599676, 50.0, 0.49917898193760263, 0.49056603773584906, -48, [756, 463], [746, 472], [1501, 935], 3.2403609515996763, 0.044792919127616196, 0.9537686584385456]
%[1, 12]% [53.036437246963565, 51.82481751824818, 0.3704904742602351, 0.357085020242915, -17, [837, 398], [834, 399], [1671, 796], 1.2116197287153838, -0.24803243883718204, 0.9165679692557152]
%[1, 13]% [54.29272281275552, 50.245499181669395, 0.5294599018003273, 0.5273916598528209, -40, [636, 587], [666, 556], [1301, 1143], 4.047223631086126, 0.029013290342839768, 0.9530056446134545]
%[1, 14]% [54.2997542997543, 49.056603773584904, 0.5043050430504306, 0.5045045045045045, -45, [1135, 86], [1133, 86], [2267, 172], 5.243150526169394, 0.002544278734871089, 0.9543328822444821]
%[1, 15]% [52.81923714759535, 49.62655601659751, 0.48091286307053943, 0.4834162520729685, -74, [1142, 64], [1170, 35], [2311, 99], 3.1926811309978405, -0.022345090209201165, 0.959218596174685]
%[1, 16]% [52.00327064595257, 49.38675388389207, 0.5157464212678936, 0.5257563368765331, -39, [1180, 43], [1202, 21], [2381, 64], 2.616516762060499, 0.06676437830388668, 0.9509111417960513]
%[1, 17]% [54.59057071960298, 48.88152444076222, 0.38923395445134573, 0.40198511166253104, -69, [979, 230], [992, 215], [1970, 445], 5.709046278840759, -0.15565599082172782, 0.9458579165891836]
%[1, 18]% [51.11478117258464, 49.586776859504134, 0.49958677685950414, 0.5045417010734929, -64, [1184, 27], [1197, 13], [2380, 40], 1.5280043130805083, 0.0023549702541887266, 0.9576194014965587]
%[1, 19]% [52.20282626766417, 50.74875207986689, 0.4987520798668885, 0.4912718204488778, -80, [1122, 81], [1120, 82], [2241, 163], 1.454074187797282, 0.0003359579603604588, 0.9606355679517149]
%[1, 20]% [53.441295546558706, 50.93117408906883, 0.5087079789388417, 0.5206477732793522, -15, [1121, 114], [1104, 131], [2224, 245], 2.5101214574898734, 0.0016518110396553987, 0.949311212444947]
%[1, 21]% [51.6734693877551, 50.28571428571429, 0.4777460187831768, 0.48, -35, [1206, 19], [1204, 21], [2409, 40], 1.3877551020408063, -0.03468502740949551, 0.9521363820706106]
%[1, 22]% [52.84888521882741, 50.0, 0.6566115702479339, 0.6573080099091659, -64, [868, 343], [828, 382], [1695, 725], 2.8488852188274123, 0.31361461907378896, 0.9047904055635941]
%[1, 23]% [51.94805194805194, 49.553208773354996, 0.4813160032493907, 0.48944805194805197, -22, [1147, 85], [1155, 76], [2301, 161], 2.3948431746969447, -0.03933467252965287, 0.9495711155624323]
%[1, 24]% [51.954397394136805, 49.71475142624287, 0.6678891605541972, 0.6783387622149837, -30, [800, 428], [896, 331], [1695, 759], 2.239645967893935, 0.26442882775677445, 0.9143273863414385]
%[1, 25]% [55.28052805280528, 52.10569777043765, 0.26011560693641617, 0.2722772277227723, -62, [705, 507], [782, 429], [1487, 935], 3.1748302823676298, -0.32724314224217965, 0.8995417939646624]
%[1, 26]% [55.65500406834825, 51.26324368378158, 0.48187372708757636, 0.48657445077298617, -29, [716, 513], [736, 491], [1452, 1003], 4.391760384566666, -0.052862491335742584, 0.9501844219323863]
%[1, 27]% [53.915910964550704, 50.37159372419489, 0.5216673545191911, 0.5144270403957131, -61, [910, 303], [881, 330], [1790, 633], 3.5443172403558165, 0.04593908890091679, 0.9559405455917327]
%[1, 28]% [55.81589958158995, 49.79044425817267, 0.4880603267700042, 0.4928870292887029, -97, [894, 301], [809, 384], [1702, 685], 6.025455323417283, -0.002294470887329971, 0.9636391502178515]
%[1, 29]% [52.14465937762826, 49.87363100252738, 0.5031578947368421, 0.5121951219512195, -109, [1141, 48], [1183, 4], [2323, 52], 2.271028375100876, -0.0023053886012027137, 0.9656628900196047]
%[1, 30]% [53.00592718035563, 50.25423728813559, 0.5029661016949153, 0.5038103302286198, -124, [1104, 77], [1141, 39], [2244, 116], 2.7516898922200355, -0.0021380582098233496, 0.968418808070366]
%[1, 31]% [56.416464891041166, 49.515347334410336, 0.4018578352180937, 0.4188861985472155, -8, [878, 361], [846, 392], [1723, 753], 6.90111755663083, -0.06883660002170741, 0.9456694147898729]
