%[1]% [56.345998383185126, 50.64724919093852, 0.6322815533980582, 0.6321746160064673, -8, [1023, 214], [1019, 217], [2041, 431], 5.698749192246609, 0.044409548676901264, 0.15719775086366916]
%[2]% [54.59057071960298, 51.73841059602648, 0.41763245033112584, 0.40363937138130684, -64, [1036, 173], [1125, 83], [2160, 256], 2.852160123576496, -0.03362894250659753, 0.15520379658834543]
%[3]% [54.74452554744526, 52.51623376623377, 0.5166396103896104, 0.5085158150851582, -16, [983, 250], [1059, 173], [2041, 423], 2.228291781211489, 0.007781461993982265, 0.16278264816964202]
%[4]% [56.41233766233766, 51.502843216896835, 0.5199025182778229, 0.5243506493506493, -18, [816, 416], [679, 552], [1494, 968], 4.909494445440828, 0.011405011921951579, 0.1626292945305117]
%[5]% [55.78011317704122, 51.86084142394822, 0.5157766990291263, 0.5295068714632175, -8, [1198, 39], [1204, 32], [2401, 71], 3.9192717530929997, 0.005340781557135597, 0.16326543890488995]
%[6]% [56.43724696356275, 52.226720647773284, 0.5791818550020251, 0.5894736842105263, -11, [1092, 143], [1098, 137], [2189, 280], 4.2105263157894655, 0.02977161781176617, 0.16053673353524853]
%[7]% [54.75189234650967, 52.0605550883095, 0.498948254101809, 0.5121951219512195, -103, [1172, 17], [1161, 28], [2332, 45], 2.6913372582001713, 0.0024431470466552787, 0.15611727330893624]
%[8]% [54.752233956133225, 51.098454027664765, 0.49979666531110206, 0.49715678310316813, -21, [670, 561], [779, 450], [1449, 1010], 3.6537799284684596, 0.005861262908647001, 0.16278107437525297]
%[9]% [55.239642567018684, 52.88852725793328, 0.5160634404229362, 0.5052802599512591, -21, [1013, 218], [998, 231], [2011, 448], 2.351115309085401, 0.008534132876789826, 0.16266279691403035]
%[10]% [55.15840779853778, 51.830756712774615, 0.5636437576250508, 0.5751421608448416, -21, [640, 591], [617, 612], [1257, 1202], 3.327651085763165, 0.02918583680672973, 0.16024945222022752]
%[11]% [54.88907148726376, 53.61842105263158, 0.5106907894736842, 0.5020542317173378, -48, [827, 390], [833, 383], [1659, 773], 1.2706504346321807, 0.006948871292958134, 0.1604525006842915]
%[12]% [56.447688564476884, 51.58407798537774, 0.5481120584652862, 0.551500405515004, -17, [1084, 149], [1116, 115], [2200, 263], 4.863610579099145, 0.019201690861233064, 0.16186492969077815]
%[13]% [55.61015561015561, 53.278688524590166, 0.5094262295081967, 0.5135135135135135, -40, [883, 338], [920, 300], [1802, 638], 2.3314670855654427, 0.005678202724847637, 0.16107863243040896]
%[14]% [55.37325676784249, 50.4519309778143, 0.46776180698151953, 0.47579983593109104, -45, [901, 318], [892, 325], [1792, 643], 4.921325790028192, -0.006945390574006819, 0.1607104827805709]
%[15]% [55.564784053156146, 51.87032418952619, 0.5199501246882793, 0.532392026578073, -74, [1093, 111], [1129, 74], [2221, 185], 3.694459863629959, 0.007797246611524599, 0.1580767817045059]
%[16]% [54.70925470925471, 51.67895167895168, 0.5030725112658746, 0.5176085176085176, -39, [1207, 14], [1217, 4], [2423, 18], 3.030303030303031, 0.0043993789316542275, 0.16111168975457416]
%[17]% [58.077879038939514, 54.107883817427386, 0.5192866030692659, 0.5236122618061309, -69, [887, 320], [1064, 141], [1950, 461], 3.9699952215121286, 0.00502584906150473, 0.15852762826625497]
%[18]% [55.004135649296934, 51.73841059602648, 0.49379139072847683, 0.5020678246484698, -64, [1139, 70], [1139, 69], [2277, 139], 3.265725053270451, 0.0004783237710693814, 0.1588060567017028]
%[19]% [56.28642797668609, 52.83333333333333, 0.5108333333333334, 0.5253955037468776, -80, [890, 311], [1027, 173], [1916, 484], 3.453094643352763, 0.006371622482935588, 0.15728816344621016]
%[20]% [56.285482562854824, 52.39253852392538, 0.5148073022312373, 0.5150040551500406, -15, [985, 248], [998, 235], [1982, 483], 3.8929440389294427, 0.010212184691284055, 0.16291464966077066]
%[21]% [55.110384300899426, 51.7579721995094, 0.5402862985685072, 0.5461978740801309, -35, [1160, 63], [1156, 67], [2315, 130], 3.3524121013900228, 0.020124762970001906, 0.16010398076285998]
%[22]% [54.50785773366419, 51.324503311258276, 0.5053807947019867, 0.5210918114143921, -64, [1179, 30], [1190, 18], [2368, 48], 3.1833544224059125, 0.004071728677939105, 0.15875454857762805]
%[23]% [54.71544715447154, 51.5052888527258, 0.5113913751017087, 0.5252032520325203, -22, [1198, 32], [1205, 24], [2402, 56], 3.210158301745743, 0.00865708666181448, 0.16263468023341185]
%[24]% [56.11745513866232, 52.163265306122454, 0.503265306122449, 0.5040783034257749, -30, [987, 239], [1009, 216], [1995, 455], 3.9541898325398677, 0.001402833753702592, 0.16241100706391773]
%[25]% [57.438016528925615, 53.92886683209264, 0.5140612076095947, 0.509090909090909, -62, [874, 336], [865, 344], [1739, 679], 3.509149696832978, 0.007565171142764285, 0.15862532024300122]
%[26]% [54.360228198859005, 51.755102040816325, 0.49612403100775193, 0.5077424612876935, -29, [1220, 7], [1222, 3], [2441, 10], 2.6051261580426797, 0.001371862157808426, 0.16239657510509922]
%[27]% [53.839801816680435, 51.1166253101737, 0.5006200909466721, 0.5119735755573905, -61, [1118, 93], [1127, 82], [2244, 175], 2.723176506506732, 0.0011118872198204997, 0.15895695742942878]
%[28]% [55.57418273260687, 54.575986565910995, 0.5132186319765002, 0.512154233025985, -97, [835, 358], [885, 306], [1719, 664], 0.9981961666958767, 0.005319745511604466, 0.15597715232116896]
%[29]% [54.92839090143218, 52.65822784810127, 0.5263601855757064, 0.540016849199663, -109, [1058, 129], [1137, 48], [2194, 177], 2.2701630533309114, 0.011026434986865858, 0.1549498295659501]
%[30]% [56.06446140797286, 51.35823429541596, 0.5008488964346349, 0.5139949109414759, -124, [875, 304], [1077, 101], [1951, 405], 4.7062271125568955, 0.001080681138208645, 0.15456015535191464]
%[31]% [54.81002425222312, 51.69902912621359, 0.5016181229773463, 0.5181891673403395, -8, [1214, 23], [1228, 8], [2441, 31], 3.1109951260095343, 0.0033930619654146212, 0.1633175480566472]
%[32]% [55.24360033030553, 52.02312138728323, 0.5043370508054523, 0.5177539223781998, -59, [1125, 86], [1176, 35], [2300, 121], 3.2204789430223, 0.0029506188983121524, 0.1589512030506372]
%[33]% [55.791190864600324, 52.816326530612244, 0.52, 0.5146818923327896, -30, [703, 523], [691, 534], [1394, 1056], 2.97486433398808, 0.012602092635874846, 0.16192722555156844]
%[34]% [54.87804878048781, 51.993490642799024, 0.5065093572009765, 0.5065040650406504, -22, [700, 530], [733, 496], [1433, 1025], 2.884558137688785, 0.00556350695204211, 0.1627699286092812]
%[35]% [55.68274734260016, 52.00327064595257, 0.49775051124744374, 0.5134914145543745, -35, [1181, 42], [1209, 14], [2389, 56], 3.6794766966475905, 0.002153281297664213, 0.16134998586197394]
%[36]% [55.95727198027938, 52.506162695152014, 0.5187011919441019, 0.5324568611339359, -47, [823, 394], [761, 456], [1583, 850], 3.451109285127366, 0.008015329388008165, 0.1603809183139511]
%[37]% [55.91836734693878, 51.307189542483655, 0.5281862745098039, 0.5281632653061225, -32, [1019, 206], [1061, 163], [2079, 369], 4.611177804455124, 0.012230226563082801, 0.1608387599978842]
%[38]% [55.390946502057616, 52.18466611706513, 0.503502266172229, 0.5094650205761316, -53, [1065, 150], [1108, 105], [2172, 255], 3.206280384992489, 0.004923728006486299, 0.15927475828951895]
%[39]% [56.34854771784232, 52.53112033195021, 0.48899958488999584, 0.5095435684647303, -71, [1037, 168], [1049, 156], [2085, 324], 3.8174273858921097, 0.0015777432111943595, 0.15831534709419384]
%[40]% [55.54649265905384, 51.59183673469387, 0.5008163265306123, 0.5179445350734094, -30, [1182, 44], [1198, 27], [2379, 71], 3.954655924359969, 0.0026883974853827027, 0.1623948075813696]
%[41]% [55.49227013832384, 52.156224572823426, 0.5038665038665039, 0.5101708706265257, -23, [1168, 61], [1147, 82], [2314, 143], 3.336045565500413, 0.0032765331625404714, 0.16286520473545268]
%[42]% [55.18367346938775, 51.470588235294116, 0.49264705882352944, 0.5053061224489795, -32, [1198, 27], [1197, 27], [2394, 54], 3.713085234093633, 0.001595253648321613, 0.16129538248980504]
%[43]% [55.41090317331163, 52.52442996742671, 0.5655537459283387, 0.563873067534581, -24, [664, 565], [657, 571], [1321, 1135], 2.8864732058849185, 0.03403736083049339, 0.1593310211396331]
%[44]% [55.41090317331163, 52.52442996742671, 0.5655537459283387, 0.563873067534581, -24, [664, 565], [657, 571], [1321, 1135], 2.8864732058849185, 0.03403736083049339, 0.1593310211396331]
%[45]% [55.748552522746074, 52.7317880794702, 0.5405629139072847, 0.5459057071960298, -64, [930, 279], [999, 209], [1928, 488], 3.016764443275875, 0.01599777169180232, 0.15799860081593553]
%[46]% [56.28140703517588, 50.20955574182733, 0.4979044425817267, 0.5100502512562815, -94, [1113, 81], [1127, 66], [2239, 147], 6.071851293348551, 0.002223426518276371, 0.15609579332051765]
%[47]% [55.647155812036274, 52.26710634789777, 0.5150515463917525, 0.5333882934872217, -55, [742, 471], [1105, 108], [1847, 578], 3.3800494641385015, 0.0027048773618088555, 0.15934554007872415]
%[48]% [56.28140703517588, 50.20955574182733, 0.4979044425817267, 0.5100502512562815, -94, [1113, 81], [1127, 66], [2239, 147], 6.071851293348551, 0.002223426518276371, 0.15609579332051765]
%[49]% [55.647155812036274, 52.26710634789777, 0.5150515463917525, 0.5333882934872217, -55, [742, 471], [1105, 108], [1847, 578], 3.3800494641385015, 0.0027048773618088555, 0.15934554007872415]
%[50]% [56.43970467596391, 50.57471264367817, 0.5073891625615764, 0.5332239540607056, -44, [1099, 120], [1103, 115], [2201, 235], 5.864992032285741, 0.006155327769923093, 0.16079163923720405]
%[51]% [55.86095392077607, 51.417004048582996, 0.5220558478348847, 0.5367825383993533, -9, [920, 317], [1048, 187], [1967, 504], 4.443949872193073, 0.015579135106286265, 0.16256800229955032]
%[52]% [55.79886455798865, 51.421608448415924, 0.5221274868047097, 0.5369018653690186, -17, [918, 315], [1050, 181], [1967, 496], 4.377256109572727, 0.01644270119026237, 0.1621685478674999]
%[53]% [55.87044534412956, 51.578947368421055, 0.5783718104495748, 0.5821862348178137, -11, [861, 374], [878, 357], [1738, 731], 4.291497975708502, 0.031165342284581496, 0.16027189107692222]
%[54]% [55.80828594638505, 51.138211382113816, 0.5764227642276423, 0.5727051177904143, -20, [931, 300], [954, 276], [1884, 576], 4.670074564271232, 0.02728084500243024, 0.16057527917613995]
%[55]% [56.78310316815597, 51.098454027664765, 0.5522570150467669, 0.5564581640942323, -21, [1060, 171], [1030, 199], [2089, 370], 5.684649140491203, 0.019409005406330445, 0.16172564362156863]
%[56]% [54.89878542510122, 51.902834008097166, 0.48562170919400566, 0.49068825910931174, -11, [1207, 28], [1222, 13], [2428, 41], 2.9959514170040507, -0.0044716250901282095, 0.16321380960296847]
%[57]% [55.465587044534416, 53.036437246963565, 0.4775212636695018, 0.48502024291497975, -11, [1188, 47], [1198, 37], [2385, 84], 2.429149797570851, -0.004213027502178132, 0.16322069227063835]
%[58]% [55.84415584415584, 50.93419983753046, 0.574735987002437, 0.5762987012987013, -18, [1051, 181], [1052, 179], [2102, 360], 4.909956006625386, 0.033144324800040446, 0.15962274882409266]
%[59]% [56.09756097560976, 52.156224572823426, 0.5052888527257934, 0.5252032520325203, -22, [1099, 131], [1181, 48], [2279, 179], 3.941336402786334, 0.0010926126463807046, 0.16286135385206502]
%[60]% [55.2739165985282, 51.309328968903436, 0.5012274959083469, 0.5192150449713818, -36, [1149, 74], [1178, 44], [2326, 118], 3.9645876296247664, 0.001270112790374631, 0.16128831726246434]
%[61]% [55.36445536445537, 51.47540983606558, 0.5012295081967213, 0.5176085176085176, -40, [1196, 25], [1202, 18], [2397, 43], 3.8890455283897865, 0.0019881468327319035, 0.1611664564440091]
%[62]% [56.0593569661995, 52.06270627062707, 0.6575907590759076, 0.6793075020610058, -56, [971, 242], [996, 216], [1966, 458], 3.996650695572434, 0.015847677100609633, 0.15844446394029868]
%[63]% [54.74031327287716, 51.445086705202314, 0.5063970284770946, 0.5045342126957956, -57, [1192, 21], [1179, 32], [2370, 53], 3.2952265676748453, 0.004990751370387878, 0.15883452490475056]
%[64]% [54.74031327287716, 51.445086705202314, 0.5063970284770946, 0.5045342126957956, -57, [1192, 21], [1179, 32], [2370, 53], 3.2952265676748453, 0.004990751370387878, 0.15883452490475056]
%[65]% [55.46218487394958, 53.49032800672834, 0.5824222035323802, 0.5882352941176471, -102, [940, 250], [904, 285], [1843, 535], 1.9718568672212413, 0.03215084896055563, 0.152786155602186]
%[66]% [54.97942386831276, 50.41186161449753, 0.6841021416803954, 0.6987654320987654, -52, [974, 241], [986, 228], [1959, 469], 4.567562253815225, 0.07240507561449556, 0.14190854144514412]
%[67]% [55.35561268209083, 51.75965665236052, 0.51008151008151, 0.5149957155098543, -149, [1124, 43], [1118, 47], [2241, 90], 3.59595602973031, 0.004937426515118547, 0.1531155979698096]
%[68]% [54.775510204081634, 51.55228758169934, 0.5012254901960784, 0.516734693877551, -32, [1181, 44], [1208, 16], [2388, 60], 3.223222622382295, 0.002373393454582863, 0.16128580529056177]
%[69]% [56.15194054500413, 49.29810074318745, 0.5766212308963239, 0.5871180842279108, -59, [804, 407], [617, 594], [1421, 1000], 6.853839801816683, 0.032778357238328344, 0.15556133845519174]
%[70]% [56.12582781456954, 49.2129246064623, 0.5766362883181442, 0.5877483443708609, -66, [804, 404], [617, 590], [1421, 993], 6.912903208107238, 0.032589261553558124, 0.15540623438317192]
%[71]% [56.917978458989225, 49.04564315352697, 0.5309000414765658, 0.5509527754763878, -69, [690, 517], [826, 379], [1515, 896], 7.872335305462258, 0.013895761417877817, 0.15799717167364222]
%[72]% [56.40599001663894, 49.70857618651124, 0.5395503746877602, 0.5632279534109818, -78, [719, 483], [845, 356], [1563, 839], 6.697413830127701, 0.016103653486920437, 0.15741641784395413]
%[73]% [56.82196339434277, 49.29225645295587, 0.5649458784346378, 0.5765391014975042, -78, [956, 246], [935, 266], [1891, 511], 7.529706941386898, 0.027219575162136387, 0.155878640027023]
%[74]% [56.85785536159601, 49.79218620116376, 0.5654885654885655, 0.5760598503740648, -75, [952, 251], [910, 293], [1862, 543], 7.06566916043225, 0.028003145057297545, 0.1557974744254487]
%[75]% [56.70274771024146, 49.54204829308909, 0.5422740524781341, 0.5636969192339717, -79, [1029, 172], [1060, 141], [2088, 313], 7.160699417152372, 0.017347013935452946, 0.15714573145669708]
%[76]% [56.77472984206151, 49.750415973377706, 0.5682196339434277, 0.5760598503740648, -76, [956, 247], [925, 277], [1881, 523], 7.024313868683805, 0.02763205920400318, 0.15573982341829304]
%[77]% [56.40373197625106, 49.36386768447837, 0.5791260076368264, 0.5996607294317218, -123, [823, 356], [731, 448], [1553, 804], 7.0398642917726875, 0.032990199861053095, 0.15097551308781276]
%[78]% [58.402662229617306, 49.958368026644465, 0.4716902581182348, 0.4800332778702163, -78, [733, 469], [689, 512], [1421, 981], 8.444294202972841, -0.011753865473474888, 0.1578009929536082]
%[79]% [55.06072874493927, 50.36496350364964, 0.6899067693554926, 0.7004048582995951, -13, [970, 265], [989, 244], [1958, 509], 4.695765241289628, 0.0746104000162682, 0.14527307880771176]
%[80]% [55.83468395461912, 51.013787510137874, 0.6666666666666666, 0.6831442463533225, -14, [989, 245], [1025, 208], [2013, 453], 4.820896444481249, 0.06693715311508303, 0.1488583720710572]
%[81]% [54.70737913486005, 51.782682512733444, 0.44439728353140917, 0.43256997455470736, -124, [1077, 102], [1132, 46], [2208, 148], 2.9246966221266035, -0.022915025062998202, 0.15285512305675478]
%[82]% [55.44217687074829, 49.787234042553195, 0.6438297872340426, 0.6462585034013606, -130, [948, 228], [928, 247], [1875, 475], 5.654942828195097, 0.05007773445007649, 0.1459527395322817]
%[83]% [54.59057071960298, 51.69561621174525, 0.4948282995448904, 0.5078577336641853, -63, [1196, 13], [1190, 19], [2385, 32], 2.894954507857733, 0.000977162344178534, 0.15881441231481838]
%[84]% [55.91397849462365, 51.943755169561626, 0.5535788167149359, 0.5624483043837882, -63, [1088, 121], [1107, 102], [2194, 223], 3.9702233250620225, 0.024504374708081752, 0.1569148172861655]
%[85]% [56.6530612244898, 49.55028618152085, 0.5153248876174908, 0.5363265306122449, -33, [951, 274], [925, 298], [1875, 572], 7.102775042968943, 0.010472709176781034, 0.16099549501399957]
%[86]% [55.51894563426688, 51.69002473206925, 0.49670239076669415, 0.500823723228995, -54, [1154, 60], [1130, 83], [2283, 143], 3.8289209021976305, 0.00033298982437838235, 0.15938338058892818]
%[87]% [55.55555555555556, 51.6075845012366, 0.4969097651421508, 0.5004115226337449, -53, [1155, 60], [1129, 84], [2283, 144], 3.9479710543189555, 0.00039391960683161703, 0.15935038902393778]
%[88]% [55.49132947976878, 49.46236559139785, 0.45307978503513846, 0.4591246903385632, -61, [732, 479], [721, 488], [1452, 967], 6.028963888370932, -0.01784264361281787, 0.15795587841578354]
%[89]% [55.78059071729958, 52.23628691983122, 0.49683410721823557, 0.5037974683544304, -111, [1114, 71], [1118, 67], [2231, 138], 3.544303797468359, 0.002931512977162108, 0.15523928456316388]
%[90]% [54.41426146010186, 51.82667799490229, 0.49787595581988103, 0.5084889643463497, -126, [1166, 12], [1172, 5], [2337, 17], 2.5875834651995717, 0.001483634861222545, 0.15449436773788258]
%[91]% [54.41426146010186, 51.82667799490229, 0.49787595581988103, 0.5084889643463497, -126, [1166, 12], [1172, 5], [2337, 17], 2.5875834651995717, 0.001483634861222545, 0.15449436773788258]
%[92]% [55.935098206660975, 50.98206660973526, 0.5540367364374199, 0.5644748078565329, -139, [936, 235], [926, 245], [1861, 480], 4.953031596925712, 0.020081039526074526, 0.15213002898471323]
%[93]% [55.00435161009574, 51.43603133159269, 0.49281671745755334, 0.49521322889469105, -183, [1131, 18], [1137, 12], [2267, 30], 3.5683202785030517, 0.0011285812791451506, 0.15243220032906293]
%[94]% [55.00435161009574, 51.43603133159269, 0.49281671745755334, 0.49521322889469105, -183, [1131, 18], [1137, 12], [2267, 30], 3.5683202785030517, 0.0011285812791451506, 0.15243220032906293]
%[95]% [55.3453947368421, 51.85185185185185, 0.49382716049382713, 0.5032894736842105, -50, [1191, 25], [1176, 39], [2366, 64], 3.493542884990255, 0.001176000867851477, 0.16035249179377664]
%[96]% [57.131079967023915, 51.15511551155115, 0.5008250825082509, 0.5218466611706513, -56, [962, 251], [969, 243], [1931, 493], 5.975964455472763, 0.001650665803711013, 0.15922680318569019]
%[97]% [56.54712260216848, 51.876563803169304, 0.5047976637463496, 0.5037531276063386, -83, [1080, 119], [1081, 118], [2160, 237], 4.670558798999174, 0.004978849781419915, 0.15719396406763883]
%[98]% [54.375531011045034, 51.744680851063826, 0.5036154827732879, 0.5157179269328802, -129, [1155, 22], [1151, 24], [2305, 46], 2.6308501599812075, 0.0031696053476142965, 0.15424803761134043]
%[99]% [55.20918785890074, 51.31362889983579, 0.49835796387520526, 0.49302707136997537, -44, [870, 349], [812, 406], [1681, 755], 3.8955589590649495, 0.006488580960162559, 0.16077853057925726]
%[100]% [56.02605863192183, 50.52974735126325, 0.44254278728606355, 0.44381107491856675, -26, [1048, 180], [1045, 182], [2092, 362], 5.496311280658581, -0.016428368404422626, 0.1617088657535033]
%[101]% [55.05341002465079, 51.973684210526315, 0.4946546052631579, 0.5069843878389483, -48, [1195, 22], [1185, 31], [2379, 53], 3.0797258141244725, -0.0007987148863704581, 0.16060097584740898]
%[102]% [55.21774856203779, 51.398026315789465, 0.48149671052631576, 0.48808545603944126, -48, [1177, 40], [1188, 28], [2364, 68], 3.8197222462483253, -0.004327118788894854, 0.16054463551254233]
%[103]% [55.3453947368421, 51.358024691358025, 0.4683127572016461, 0.4777960526315789, -50, [1149, 67], [1162, 53], [2310, 120], 3.9873700454840773, -0.007353204856684179, 0.16018805601597602]
%[104]% [55.6836902800659, 50.865622423742785, 0.49793899422918386, 0.5123558484349259, -54, [1164, 50], [1158, 55], [2322, 104], 4.818067856323118, 0.0031816448835135487, 0.1593519560512551]
%[105]% [56.214459788789604, 51.21951219512195, 0.5630081300813008, 0.5751421608448416, -20, [990, 241], [915, 315], [1904, 556], 4.9949475936676535, 0.024252634319832655, 0.16106066551944972]
%[106]% [56.33687653311529, 50.531479967293535, 0.5586912065439673, 0.570727718724448, -35, [995, 228], [927, 296], [1921, 524], 5.805396565821752, 0.022792723378764583, 0.15974584705520026]
%[107]% [54.11184210526315, 51.769547325102884, 0.4967078189300412, 0.5041118421052632, -50, [1208, 8], [1207, 8], [2414, 16], 2.342294780160266, 0.0015841425201039256, 0.16034897764316164]
%[108]% ValueError
%[109]% ValueError
%[110]% ValueError
%[111]% ValueError
%[112]% ValueError
%[113]% ValueError
%[114]% ValueError
%[115]% [55.41972290138549, 50.97879282218597, 0.5632137030995106, 0.5729421352893236, -28, [1003, 224], [913, 313], [1915, 537], 4.440930079199518, 0.02391305633898077, 0.1606326307003446]
%[116]% ValueError
%[117]% [55.21472392638037, 52.45614035087719, 0.4951754385964912, 0.50920245398773, -200, [1131, 10], [1131, 9], [2261, 19], 2.758583575503181, -0.0006693494947333085, 0.15609406885004165]
%[118]% [57.756354075372485, 52.45614035087719, 0.5070175438596491, 0.5258545135845749, -200, [1004, 137], [1085, 55], [2088, 192], 5.300213724495293, 0.0005630100505393848, 0.15609448880755925]
%[119]% [56.25, 51.474530831099194, 0.5192135835567471, 0.5303571428571429, -242, [1033, 87], [1017, 102], [2049, 189], 4.7754691689008055, 0.007394532309354044, 0.1553417906017675]
%[120]% [56.69934640522876, 51.7579721995094, 0.535977105478332, 0.5620915032679739, -34, [1107, 117], [1150, 73], [2256, 190], 4.941374205719356, 0.01684778587601756, 0.16047115098929945]
%[121]% [57.33005733005733, 51.80327868852459, 0.5049180327868853, 0.5143325143325144, -40, [1012, 209], [1112, 108], [2123, 317], 5.5267786415327365, 0.005849370604655782, 0.16107250499810621]
%[122]% [56.84039087947883, 51.18174409127955, 0.5431947840260799, 0.5675895765472313, -26, [1090, 138], [1139, 88], [2228, 226], 5.658646788199285, 0.020824366501899103, 0.16120151224860363]
%[123]% [56.84039087947883, 51.18174409127955, 0.5431947840260799, 0.5675895765472313, -26, [1090, 138], [1139, 88], [2228, 226], 5.658646788199285, 0.020824366501899103, 0.16120151224860363]
%[124]% [56.84039087947883, 51.18174409127955, 0.5431947840260799, 0.5675895765472313, -26, [1090, 138], [1139, 88], [2228, 226], 5.658646788199285, 0.020824366501899103, 0.16120151224860363]
%[125]% [55.20918785890074, 51.35579293344289, 0.5371663244353183, 0.5504511894995898, -45, [1147, 72], [1167, 50], [2313, 122], 3.853394925457849, 0.020300901450170872, 0.15957387512993626]
%[126]% [55.12715340442986, 50.944946589975345, 0.5507186858316222, 0.5652173913043478, -45, [1120, 99], [1142, 75], [2261, 174], 4.182206814454517, 0.02646897607760263, 0.15866701928278978]
%[127]% [55.12715340442986, 50.944946589975345, 0.5507186858316222, 0.5652173913043478, -45, [1120, 99], [1142, 75], [2261, 174], 4.182206814454517, 0.02646897607760263, 0.15866701928278978]
%[128]% [56.19834710743802, 51.61290322580645, 0.5082712985938792, 0.5272727272727272, -62, [1103, 107], [1175, 34], [2277, 141], 4.585443881631569, 0.002543584831102117, 0.15878531171013832]
%[129]% [56.40816326530612, 50.61324611610794, 0.5378013894564774, 0.5518367346938775, -33, [1120, 105], [1148, 75], [2267, 180], 5.794917149198184, 0.015488569182086877, 0.16059040456956863]
%[130]% [57.55102040816327, 51.02207686017989, 0.46996322026971804, 0.476734693877551, -33, [1036, 189], [1125, 98], [2160, 287], 6.528943547983381, -0.014314646130442182, 0.1606993435733863]
%[131]% [58.04081632653061, 51.59443990188062, 0.4630159378831222, 0.4930612244897959, -33, [866, 359], [986, 237], [1852, 595], 6.446376424649991, -0.017899551340936397, 0.16033947413782848]
%[132]% [57.14285714285714, 51.349141455437454, 0.5631385369840621, 0.5722448979591837, -33, [1021, 204], [1045, 178], [2065, 382], 5.7937156874196845, 0.02360742312331174, 0.1595986642166372]
%[133]% [55.192150449713814, 51.433251433251435, 0.5002046663937781, 0.5118560915780866, -37, [1192, 31], [1208, 13], [2399, 44], 3.7588990164623794, 0.0007742077319582027, 0.1612121677316334]
%[134]% [54.37864887406172, 51.66944908180301, 0.5041736227045075, 0.5145954962468724, -84, [1189, 10], [1191, 7], [2379, 17], 2.7091997922587083, 0.0076265675894207074, 0.15653287634746169]
%[135]% [54.68354430379747, 52.151898734177216, 0.5006331785563529, 0.5113924050632911, -111, [1171, 14], [1179, 6], [2349, 20], 2.5316455696202524, 0.002606467689427206, 0.15524508470923407]
%[136]% [55.619834710743795, 52.02646815550042, 0.5082712985938792, 0.5289256198347108, -62, [1102, 108], [1152, 57], [2253, 165], 3.593366555243378, 0.0029728668499229565, 0.15877785148312573]
%[137]% [56.56903765690377, 51.55071248952221, 0.4976958525345622, 0.49874476987447697, -93, [853, 342], [849, 344], [1701, 686], 5.018325167381555, 0.001986514737928668, 0.15622442902864772]
%[138]% [56.540084388185655, 52.53378378378378, 0.4797297297297297, 0.4978902953586498, -112, [1009, 176], [996, 188], [2004, 364], 4.006300604401872, -0.004833925767122088, 0.1552024150363605]
%[139]% [55.537325676784256, 51.435602953240355, 0.4850225687320476, 0.4889253486464315, -43, [1152, 67], [1187, 32], [2338, 99], 4.101722723543901, -0.0007962284882537253, 0.16105864054222124]
%[140]% [55.10548523206751, 51.73288250211328, 0.5179552175749894, 0.5367088607594936, -113, [1137, 48], [1168, 15], [2304, 63], 3.372602729954231, 0.007898225228293919, 0.15510909743582474]
%[141]% [57.14285714285714, 50.36794766966476, 0.5165508786268901, 0.529795918367347, -33, [983, 242], [969, 254], [1951, 496], 6.7749094731923805, 0.009206205716072708, 0.16107291211769706]
%[142]% [55.18367346938775, 51.676206050695015, 0.4993870044953004, 0.5110204081632653, -33, [1197, 28], [1193, 30], [2389, 58], 3.507467418692734, 0.002718344872758785, 0.16131298606136352]
%[143]% [54.14273995077933, 51.47783251231527, 0.49507389162561577, 0.5045118949958983, -44, [1215, 4], [1214, 4], [2428, 8], 2.6649074384640627, 0.0013622125772811313, 0.1609036931930153]
%[144]% [55.25451559934319, 52.095316351684474, 0.5004108463434676, 0.5049261083743842, -46, [1181, 37], [1172, 45], [2352, 82], 3.1591992476587194, 0.002592354694545122, 0.16059902048027297]
%[145]% [54.247266610597144, 51.80824222035324, 0.4960033655868742, 0.5088309503784693, -103, [1182, 7], [1184, 5], [2365, 12], 2.439024390243901, 0.0016551423985565917, 0.15612762041277065]
%[146]% [55.66750629722922, 50.67226890756302, 0.5243697478991597, 0.5289672544080605, -100, [1049, 142], [1053, 137], [2101, 279], 4.995237389666194, 0.009483690071506661, 0.15581261671528523]
%[147]% [54.99573014517506, 51.15483319076134, 0.49080803762291575, 0.5012809564474808, -141, [1103, 68], [1138, 31], [2240, 99], 3.840896954413722, -0.0020004706078994576, 0.15338422826759018]
%[148]% [54.56750202101859, 52.06477732793522, 0.48725212464589235, 0.4987873888439774, -9, [1226, 11], [1224, 11], [2449, 22], 2.5027246930833726, -0.0021738269849134236, 0.16329860883771838]
%[149]% [56.7479674796748, 50.61025223759154, 0.6558177379983726, 0.6658536585365854, -22, [1035, 195], [1030, 199], [2065, 393], 6.13771524208326, 0.035234295322799994, 0.15900645907316263]
%[150]% [54.63414634146342, 51.5052888527258, 0.45728234336859236, 0.47073170731707314, -22, [1185, 45], [1179, 50], [2363, 95], 3.128857488737623, -0.010795473373450333, 0.16250669275049093]
%[151]% [54.367346938775505, 51.388888888888886, 0.5437091503267973, 0.5469387755102041, -32, [1176, 49], [1156, 68], [2331, 117], 2.978458049886619, 0.01928252322611466, 0.16014611652232272]
%[152]% [55.70139458572601, 50.82101806239737, 0.5160098522167488, 0.5225594749794914, -44, [1148, 71], [1130, 88], [2277, 159], 4.880376523328636, 0.008133126058797726, 0.16070370239492365]
%[153]% [58.08039376538146, 49.13722267871816, 0.5540041067761807, 0.5520918785890074, -45, [956, 263], [970, 247], [1925, 510], 8.943171086663298, 0.024045667707063335, 0.15905246260261324]
%[154]% [55.20918785890074, 52.177485620377986, 0.24147843942505134, 0.24036095159967186, -45, [895, 324], [921, 296], [1815, 620], 3.0317022385227546, -0.07921277605287838, 0.13999598469835273]
%[155]% [53.74485596707819, 51.72981878088962, 0.49670510708401977, 0.5069958847736625, -52, [1213, 2], [1214, 0], [2426, 2], 2.0150371861885645, 0.0019353809820172028, 0.15930769579349585]
%[156]% [55.500413564929694, 51.44747725392887, 0.4352503103020273, 0.43755169561621177, -63, [1117, 92], [1137, 72], [2254, 163], 4.052936311000828, -0.02142837149178533, 0.1573645692004875]
%[157]% [55.20918785890074, 52.177485620377986, 0.24147843942505134, 0.24036095159967186, -45, [895, 324], [921, 296], [1815, 620], 3.0317022385227546, -0.07921277605287838, 0.13999598469835273]
