%1% [54.761904761904766, 47.37678855325914, 0.48012718600953896, 0.5047619047619047, -8, [613, 17], [604, 25], [1216, 42], 7.385116208645627, -0.07098568641893056, 1.1565501347640768]
%2% [55.98006644518272, 47.75374376039934, 0.5906821963394343, 0.5996677740863787, -64, [559, 43], [544, 57], [1102, 100], 8.226322684783383, 0.207994995815385, 1.1563931597506156]
%3% [57.34824281150159, 52.0, 0.5208, 0.5383386581469649, -16, [539, 87], [472, 153], [1010, 240], 5.348242811501592, 0.04318401336669922, 1.1605063878314814]
%4% [55.52, 50.32051282051282, 0.5152243589743589, 0.5296, -18, [366, 259], [351, 273], [717, 531], 5.1994871794871855, 0.07869393550432645, 1.1595537779406195]
%[1]% [54.761904761904766, 47.37678855325914, 0.48012718600953896, 0.5047619047619047, -8, [613, 17], [604, 25], [1216, 42], 7.385116208645627, -0.07098568641893056, 1.1565501347640768]
%[2]% [55.98006644518272, 47.75374376039934, 0.5906821963394343, 0.5996677740863787, -64, [559, 43], [544, 57], [1102, 100], 8.226322684783383, 0.207994995815385, 1.1563931597506156]
%[3]% [57.34824281150159, 52.0, 0.5208, 0.5383386581469649, -16, [539, 87], [472, 153], [1010, 240], 5.348242811501592, 0.04318401336669922, 1.1605063878314814]
%[4]% [55.52, 50.32051282051282, 0.5152243589743589, 0.5296, -18, [366, 259], [351, 273], [717, 531], 5.1994871794871855, 0.07869393550432645, 1.1595537779406195]
%[5]% [56.03174603174603, 49.2845786963434, 0.5214626391096979, 0.5365079365079365, -8, [611, 19], [598, 31], [1208, 50], 6.747167335402629, 0.03305247933004164, 1.1582563857490575]
%[6]% [54.531001589825124, 48.484848484848484, 0.5155378486055777, 0.5437201907790143, -11, [614, 15], [620, 7], [1234, 21], 6.046153104976639, 0.0073784740797551976, 1.1600478534300886]
%[7]% [55.917667238421956, 47.84853700516351, 0.5133276010318143, 0.5437392795883362, -103, [534, 49], [527, 54], [1060, 103], 8.069130233258448, -0.002115238153616724, 1.1925012889848328]
%[8]% [54.89566613162119, 48.95666131621188, 0.5156626506024097, 0.5409309791332263, -21, [597, 26], [591, 32], [1187, 58], 5.939004815409312, -0.00263454330015374, 1.1634899760320259]
%[9]% [54.25361155698234, 48.47512038523274, 0.5044176706827309, 0.5280898876404494, -21, [599, 24], [518, 105], [1116, 129], 5.7784911717496, 0.03929313445186998, 1.1628287402674957]
%[10]% [55.37720706260032, 48.796147672552166, 0.4939759036144578, 0.5200642054574639, -21, [610, 13], [604, 19], [1214, 31], 6.5810593900481535, -0.04782329850407489, 1.1625089093706025]
%[11]% [55.9016393442623, 48.44006568144499, 0.5106732348111659, 0.5327868852459017, -48, [571, 39], [562, 47], [1132, 86], 7.461573662817308, 0.005205238981199969, 1.167783065640085]
%[12]% [57.120000000000005, 50.56, 0.5156124899919936, 0.5504, -17, [594, 31], [569, 56], [1162, 87], 6.560000000000002, 0.014379516613779305, 1.1616725367993286]
%[13]% [55.537459283387626, 47.30831973898858, 0.5032626427406199, 0.5293159609120521, -40, [590, 24], [493, 120], [1082, 144], 8.229139544399047, -0.01819738789444841, 1.1642053457825576]
%[14]% [54.337152209492636, 48.772504091653026, 0.506961506961507, 0.5319148936170213, -45, [599, 12], [601, 10], [1199, 22], 5.56464811783961, -0.008296485419745918, 1.1663726866421753]
%[15]% [56.951423785594635, 47.31543624161073, 0.5385906040268457, 0.5293132328308208, -74, [417, 180], [332, 264], [681, 511], 9.635987543983902, 0.12000000556843393, 1.1733820649174385]
%[16]% [56.09756097560976, 47.63458401305057, 0.6185819070904646, 0.6032520325203252, -39, [569, 46], [523, 90], [1091, 136], 8.462976962559189, 0.3822004913603667, 1.099297193880371]
%[17]% [58.09682804674458, 50.08347245409015, 0.5012531328320802, 0.5075125208681135, -69, [300, 299], [388, 211], [687, 510], 8.013355592654428, 0.004644956405499425, 1.1770825531834241]
%[18]% [56.97674418604651, 47.587354409317804, 0.521630615640599, 0.5232558139534884, -64, [519, 83], [521, 80], [1039, 163], 9.389389776728706, 0.040973365009326905, 1.1742499160288076]
%[19]% [53.87205387205387, 48.06070826306914, 0.5025295109612141, 0.5269360269360269, -80, [581, 13], [586, 7], [1166, 20], 5.81134560898473, -0.018684660604390085, 1.1819933407100813]
%[20]% [54.22647527910686, 48.16, 0.5123900879296562, 0.5390749601275917, -15, [611, 16], [608, 17], [1218, 33], 6.066475279106861, 0.0027018287103715466, 1.1609664981364012]
%[21]% [55.59157212317666, 47.3170731707317, 0.7278635255889521, 0.7390599675850892, -35, [326, 291], [347, 268], [672, 559], 8.274498952444958, 0.5082371988304256, 1.0451193670784884]
%[22]% [53.32225913621262, 48.41930116472546, 0.4908485856905158, 0.5232558139534884, -64, [599, 3], [572, 29], [1170, 32], 4.902957971487162, -0.036613978482720855, 1.1743940480689792]
%[23]% [53.6115569823435, 48.71382636655949, 0.5064308681672026, 0.5345104333868379, -22, [618, 5], [614, 8], [1231, 13], 4.897730615784013, -0.006623790961753134, 1.1638091688817147]
%[24]% [56.865912762520196, 51.61812297734628, 0.5161812297734628, 0.5282714054927302, -30, [501, 118], [509, 109], [1009, 227], 5.247789785173914, 0.019813941906185212, 1.160439954633222]
%[25]% [56.71641791044776, 49.501661129568106, 0.5008305647840532, 0.49917081260364843, -62, [370, 233], [351, 251], [721, 483], 7.214756780879654, -0.004202622511854204, 1.1739864923813736]
%[26]% [54.44264943457189, 48.949919224555735, 0.4931285367825384, 0.49434571890145396, -29, [376, 243], [384, 235], [759, 478], 5.4927302100161555, 0.009401765482601082, 1.1601049983345064]
%[27]% [56.21890547263681, 47.92703150912106, 0.4738589211618257, 0.4925373134328358, -61, [359, 244], [342, 261], [701, 504], 8.291873963515755, -0.05980080568938829, 1.1720213871618268]
%[28]% [56.75213675213675, 48.717948717948715, 0.5038494439692045, 0.5196581196581197, -97, [463, 122], [517, 68], [980, 189], 8.034188034188034, 0.007852862695020116, 1.1896550559690051]
%[29]% [53.36787564766839, 51.813471502590666, 0.557476231633535, 0.5267702936096719, -109, [454, 125], [366, 213], [819, 338], 1.5544041450777257, 0.2078738398045018, 1.1754526107742422]
%[30]% [54.37062937062937, 46.409807355516634, 0.500875656742557, 0.5367132867132867, -124, [565, 7], [488, 83], [1052, 90], 7.96082201511274, -0.01742556049193267, 1.1995018572525133]
%[31]% [54.285714285714285, 49.2845786963434, 0.5031796502384738, 0.5285714285714286, -8, [622, 8], [610, 19], [1231, 27], 5.001135589370882, -0.020731322526552718, 1.158542645298519]
%[32]% [54.87603305785124, 48.756218905472636, 0.5103562551781275, 0.5388429752066116, -59, [552, 53], [570, 33], [1121, 86], 6.119814152378602, -0.023140024724042207, 1.172632556711271]
%[33]% [56.058158319870756, 49.35275080906149, 0.49514563106796117, 0.5121163166397416, -30, [560, 59], [393, 225], [952, 284], 6.705407510809266, -0.024975719575357283, 1.160340254767052]
%[34]% [54.25361155698234, 49.035369774919616, 0.5088424437299035, 0.5296950240770465, -22, [616, 7], [582, 40], [1197, 47], 5.2182417820627265, -0.020144703303885996, 1.163653537755324]
%[35]% [57.69854132901134, 50.081300813008134, 0.503655564581641, 0.5251215559157212, -35, [527, 90], [424, 191], [950, 281], 7.617240516003207, -0.019691292199538454, 1.1620677620489739]
%[36]% [55.97381342062193, 49.75369458128079, 0.5176374077112387, 0.5286415711947627, -47, [561, 50], [478, 131], [1038, 181], 6.22011883934114, 0.013396240434654429, 1.167239132426716]
%[37]% [57.11974110032363, 50.405186385737444, 0.5478119935170178, 0.5663430420711975, -32, [531, 87], [472, 145], [1002, 232], 6.7145547145861855, 0.10832249596594218, 1.156438648358555]
%[38]% [57.825370675453044, 46.952224052718286, 0.5103050288540808, 0.5337726523887973, -53, [563, 44], [491, 116], [1053, 160], 10.873146622734758, 0.01037097468615954, 1.17003493276619]
%[39]% [56.594323873121866, 48.91122278056951, 0.5464435146443515, 0.5325542570951586, -71, [423, 176], [404, 193], [826, 369], 7.683101092552356, 0.22909627938370325, 1.1555427333786594]
%[40]% [56.865912762520196, 48.70550161812297, 0.6059870550161812, 0.6187399030694669, -30, [381, 238], [441, 177], [821, 415], 8.160411144397223, 0.23792075493574913, 1.1359408777807158]
%[41]% [54.41412520064205, 48.148148148148145, 0.499597747385358, 0.5329052969502408, -23, [592, 31], [551, 70], [1142, 101], 6.265977052493902, -0.011488355174720624, 1.1642259114033175]
%[42]% [56.310679611650485, 48.13614262560778, 0.5097244732576985, 0.5307443365695793, -32, [570, 48], [554, 63], [1123, 111], 8.174536986042703, 0.024011342993045356, 1.1612564810567758]
%[43]% [53.69774919614147, 48.470209339774556, 0.5096618357487923, 0.5305466237942122, -24, [619, 3], [619, 2], [1237, 5], 5.227539856366917, -0.0001449293176525073, 1.1597985712893535]
%[44]% [53.69774919614147, 48.470209339774556, 0.5096618357487923, 0.5305466237942122, -24, [619, 3], [619, 2], [1237, 5], 5.227539856366917, -0.0001449293176525073, 1.1597985712893535]
%[45]% [53.820598006644516, 51.08153078202995, 0.49417637271214643, 0.5199335548172758, -64, [590, 12], [522, 79], [1111, 91], 2.7390672246145655, -0.055299487566194204, 1.173662004249315]
%[46]% [54.00340715502555, 49.31740614334471, 0.5068259385665529, 0.524701873935264, -94, [577, 10], [494, 92], [1070, 102], 4.686001011680837, -0.01774744287692646, 1.1881024889061091]
%[47]% [58.6490939044481, 47.27272727272727, 0.5119735755573905, 0.5535420098846787, -55, [339, 268], [567, 38], [906, 305], 11.376366631720828, -0.010875308149418094, 1.1709599832399507]
%[48]% [54.00340715502555, 49.31740614334471, 0.5068259385665529, 0.524701873935264, -94, [577, 10], [494, 92], [1070, 102], 4.686001011680837, -0.01774744287692646, 1.1881024889061091]
%[49]% [58.6490939044481, 47.27272727272727, 0.5119735755573905, 0.5535420098846787, -55, [339, 268], [567, 38], [906, 305], 11.376366631720828, -0.010875308149418094, 1.1709599832399507]
%[50]% [54.738562091503276, 49.263502454991816, 0.4828150572831424, 0.5163398692810458, -44, [590, 22], [532, 79], [1121, 101], 5.47505963651146, -0.10798690127858164, 1.160947179770805]
%[51]% [57.39268680445151, 47.05882352941176, 0.5234685759745425, 0.5453100158982512, -9, [584, 45], [594, 35], [1177, 80], 10.333863275039747, 0.09597456180205303, 1.155197536395653]
%[52]% [56.00000000000001, 47.52, 0.5188150520416333, 0.544, -17, [595, 30], [598, 27], [1192, 57], 8.480000000000004, 0.09306646366898207, 1.1580249185901952]
%[53]% [56.43879173290938, 48.963317384370015, 0.4940239043824701, 0.5135135135135135, -11, [578, 51], [597, 30], [1174, 81], 7.475474348539365, -0.027569716860098667, 1.159743425125801]
%[54]% [54.48717948717948, 50.08025682182986, 0.5930979133226324, 0.5817307692307693, -20, [367, 257], [367, 256], [734, 512], 4.406922665349619, 0.2558667395700421, 1.1345733515379857]
%[55]% [55.53772070626003, 47.19101123595505, 0.5895582329317269, 0.5810593900481541, -21, [519, 104], [452, 171], [970, 275], 8.34670947030498, 0.248674748125804, 1.1365856898877211]
%[56]% [56.43879173290938, 48.644338118022326, 0.5824701195219123, 0.5866454689984102, -11, [584, 45], [521, 106], [1104, 151], 7.794453614887054, 0.24431872728811319, 1.1340309810799518]
%[57]% [57.07472178060413, 48.803827751196174, 0.5848605577689243, 0.589825119236884, -11, [578, 51], [522, 105], [1099, 156], 8.270894029407955, 0.2470757017097625, 1.1334330257342515]
%[58]% [53.6, 48.23717948717949, 0.5064102564102564, 0.5328, -18, [624, 1], [622, 2], [1245, 3], 5.362820512820512, -0.012860577840071458, 1.1621519429198128]
%[59]% [55.0561797752809, 49.67845659163987, 0.522508038585209, 0.5425361155698234, -22, [579, 44], [558, 64], [1136, 108], 5.377723183641031, 0.061848890359762015, 1.1621821409643547]
%[60]% [59.577922077922075, 51.38211382113821, 0.5495934959349593, 0.564935064935065, -36, [415, 201], [402, 213], [816, 414], 8.195808256783863, 0.15785365065908044, 1.1518650379233843]
%[61]% [59.60912052117264, 51.386623164763456, 0.5497553017944535, 0.5651465798045603, -40, [417, 197], [400, 213], [816, 410], 8.222497356409185, 0.1580016227958642, 1.1535686413894062]
%[62]% [54.95049504950495, 48.09917355371901, 0.48677685950413224, 0.5016501650165016, -56, [586, 20], [596, 9], [1181, 29], 6.851321495785939, -0.04907440154020451, 1.1704315834008587]
%[63]% [56.03305785123966, 46.942148760330575, 0.7551695616211745, 0.7884297520661157, -57, [396, 209], [439, 166], [834, 375], 9.090909090909086, 0.573564944334322, 1.0218542645422861]
%[64]% [54.87603305785124, 47.93388429752066, 0.48717948717948717, 0.5008264462809917, -57, [585, 20], [597, 8], [1181, 28], 6.942148760330575, -0.04779158593012934, 1.170960839922331]
%[65]% [56.43224699828473, 46.735395189003434, 0.5859106529209622, 0.6089193825042881, -102, [304, 279], [291, 291], [595, 569], 9.696851809281299, 0.22181272670575433, 1.1712554750412736]
%[66]% [54.91525423728814, 48.04753820033956, 0.4847198641765705, 0.5254237288135594, -88, [583, 7], [566, 23], [1148, 30], 6.867716036948579, -0.09320884082839526, 1.1599134291361324]
%[67]% [58.16554809843401, 50.27932960893855, 0.6424581005586593, 0.6375838926174496, -192, [309, 138], [356, 181], [755, 319], 7.886218489495455, 0.3262942276853423, 1.1631274310170532]
%[68]% [55.17799352750809, 48.46029173419773, 0.513776337115073, 0.5501618122977346, -32, [591, 27], [602, 15], [1192, 42], 6.717701793310361, -0.015972454312168413, 1.161394980520194]
%[69]% [53.223140495867774, 47.92703150912106, 0.5103562551781275, 0.5305785123966942, -59, [602, 3], [589, 14], [1190, 17], 5.296108986746717, 0.004482185534435358, 1.1728524677704408]
%[70]% [53.07820299500832, 48.0, 0.51, 0.5291181364392679, -66, [598, 3], [587, 13], [1184, 16], 5.0782029950083185, 0.005424997011820475, 1.1757725691300722]
%[71]% [53.42237061769616, 48.580968280467445, 0.49206349206349204, 0.5208681135225376, -69, [592, 7], [539, 60], [1130, 67], 4.841402337228715, -0.03376776233950354, 1.1766068653118953]
%[72]% [53.109243697478995, 47.97979797979798, 0.48569023569023567, 0.5210084033613446, -78, [589, 6], [540, 54], [1128, 60], 5.1294457176810155, -0.042558928531428376, 1.180534897774824]
%[73]% [53.27731092436975, 50.0, 0.494949494949495, 0.5159663865546219, -78, [586, 9], [544, 50], [1129, 59], 3.2773109243697505, -0.04109428386495571, 1.1805868330265508]
%[74]% [53.266331658291456, 49.747899159663866, 0.49286314021830396, 0.5175879396984925, -75, [588, 9], [544, 51], [1131, 60], 3.5184324986275897, -0.04887490228481597, 1.1789893222645838]
%[75]% [53.61344537815126, 49.24114671163575, 0.493681550126369, 0.5176470588235295, -79, [587, 8], [555, 38], [1141, 46], 4.372298666515512, -0.03029486665026722, 1.1812744762789986]
%[76]% [53.5234899328859, 50.08403361344538, 0.49327731092436977, 0.5184563758389261, -76, [588, 8], [550, 45], [1137, 53], 3.4394563194405237, -0.03818488080962366, 1.179710951354732]
%[77]% [53.752181500872595, 46.409807355516634, 0.5074365704286964, 0.5427574171029669, -123, [567, 6], [560, 11], [1126, 17], 7.3423741453559614, 0.009133862072401472, 1.1990860429658738]
%[78]% [53.61344537815126, 49.32659932659932, 0.49915824915824913, 0.5226890756302521, -78, [586, 9], [538, 56], [1123, 65], 4.28684605155194, -0.02385523022224606, 1.1810613369968113]
%[79]% [56.77830940988836, 52.63157894736842, 0.7318435754189944, 0.7575757575757576, -13, [392, 235], [399, 228], [791, 462], 4.14673046251994, 0.267358333895136, 1.1290321086748456]
%[80]% [55.661881977671456, 49.201277955271564, 0.5151757188498403, 0.5358851674641149, -14, [569, 58], [552, 74], [1120, 132], 6.460604022399892, 0.04028753731578303, 1.1598453000725044]
%[81]% [56.46853146853147, 51.48861646234676, 0.6252189141856392, 0.5821678321678322, -124, [459, 113], [398, 173], [857, 285], 4.979915006184704, 0.2742557308511016, 1.1678298226325943]
%[82]% [52.899824253075565, 53.87323943661971, 0.516725352112676, 0.4991212653778559, -130, [487, 82], [365, 203], [852, 284], 0.973415183544148, 0.06778164984474719, 1.2005547745213105]
%[83]% [56.550580431177444, 48.0865224625624, 0.49044056525353286, 0.5124378109452736, -63, [531, 72], [534, 67], [1064, 139], 8.464057968615045, -0.049609283358477994, 1.173433199246737]
%[84]% [57.37976782752903, 51.08153078202995, 0.7381546134663342, 0.736318407960199, -63, [327, 276], [315, 286], [642, 561], 6.298237045499079, 0.355793904584344, 1.1192470609651977]
%[85]% [53.484602917341974, 48.78444084278768, 0.5085158150851582, 0.5283630470016207, -33, [615, 2], [614, 3], [1228, 5], 4.700162074554292, -0.0017761638854831964, 1.1614201980168182]
%[86]% [58.6490939044481, 50.495049504950494, 0.4933993399339934, 0.4975288303130148, -54, [501, 106], [482, 124], [982, 230], 8.154044399497607, -0.05165843680353448, 1.1694216827923027]
%[87]% [58.81383855024712, 50.57660626029654, 0.49381698268755153, 0.4975288303130148, -53, [501, 106], [483, 124], [983, 230], 8.237232289950576, -0.05157462998254183, 1.168942792707491]
%[88]% [58.70646766169154, 49.585406301824214, 0.5394190871369294, 0.5505804311774462, -61, [463, 140], [445, 158], [907, 298], 9.121061359867326, 0.13380912210931423, 1.1658874243319284]
%[89]% [54.2314335060449, 46.96707105719237, 0.49264069264069266, 0.5250431778929189, -111, [565, 14], [564, 13], [1128, 27], 7.2643624488525305, -0.03858875423282772, 1.19359060290817]
%[90]% [57.79334500875657, 47.192982456140356, 0.5929824561403508, 0.5726795096322241, -126, [500, 71], [463, 107], [962, 178], 10.600362552616211, 0.35875441735250907, 1.1457798824567833]
%[91]% [57.79334500875657, 47.192982456140356, 0.5929824561403508, 0.5726795096322241, -126, [500, 71], [463, 107], [962, 178], 10.600362552616211, 0.35875441735250907, 1.1457798824567833]
%[92]% [54.336283185840706, 46.53641207815276, 0.5031055900621118, 0.536283185840708, -139, [560, 5], [544, 19], [1103, 24], 7.799871107687949, -0.008784386364886902, 1.206358882998646]
%[93]% [57.6427255985267, 49.90757855822551, 0.5983379501385041, 0.6114180478821363, -183, [299, 244], [281, 260], [580, 503], 7.735147040301193, 0.2480147935016664, 1.201600579627524]
%[94]% [57.6427255985267, 49.90757855822551, 0.5983379501385041, 0.6114180478821363, -183, [299, 244], [281, 260], [580, 503], 7.735147040301193, 0.2480147935016664, 1.201600579627524]
%[95]% [56.15763546798029, 48.51973684210527, 0.5962171052631579, 0.5878489326765188, -50, [512, 97], [461, 147], [972, 244], 7.6378986258750245, 0.1817681146295447, 1.1544156162231471]
%[96]% [56.600660066006604, 50.247933884297524, 0.5231404958677686, 0.5445544554455446, -56, [540, 66], [489, 116], [1028, 182], 6.35272618170908, 0.03365290460507732, 1.170976910769479]
%[97]% [54.468802698145026, 47.20812182741117, 0.5012679628064244, 0.5160202360876898, -83, [570, 23], [509, 82], [1078, 105], 7.260680870733857, -0.031191897613963935, 1.1831829068004707]
%[98]% [57.46924428822495, 45.518453427065026, 0.5769569041336852, 0.5905096660808435, -129, [532, 37], [504, 65], [1036, 101], 11.950790861159923, 0.2282761915168326, 1.1802005626951662]
%[99]% [55.22875816993464, 50.736497545008184, 0.49263502454991814, 0.5163398692810458, -44, [597, 15], [569, 42], [1165, 57], 4.492260624926459, -0.04093290819083805, 1.1652434082039445]
%[100]% [54.750402576489535, 48.064516129032256, 0.5161290322580645, 0.5410628019323671, -26, [612, 9], [612, 8], [1223, 17], 6.685886447457278, 0.017096779423375282, 1.160358440074602]
%[101]% [54.59016393442623, 47.783251231527096, 0.5213464696223317, 0.5393442622950819, -48, [599, 11], [586, 23], [1184, 34], 6.806912702899133, 0.056600990358048865, 1.166421064894026]
%[102]% [55.57377049180327, 49.096880131362894, 0.6863711001642037, 0.6967213114754098, -48, [415, 195], [310, 299], [724, 494], 6.476890360440379, 0.4368144725931102, 1.082950015967686]
%[103]% [57.799671592775034, 50.0, 0.625, 0.6042692939244664, -50, [372, 237], [330, 278], [701, 515], 7.799671592775034, 0.327310921330201, 1.121838509560194]
%[104]% [53.87149917627677, 48.01980198019802, 0.6427392739273927, 0.6062602965403624, -54, [415, 192], [363, 243], [777, 435], 5.851697196078753, 0.35144395324656674, 1.1165137819062223]
%[105]% [55.28846153846154, 48.796147672552166, 0.48796147672552165, 0.5128205128205128, -20, [572, 52], [546, 77], [1117, 129], 6.492313865909374, -0.0822873306886725, 1.1601725817725468]
%[106]% [54.94327390599676, 49.105691056910565, 0.48659626320064986, 0.5105348460291734, -35, [558, 59], [536, 79], [1093, 138], 5.837582849086196, -0.08545897396282874, 1.1590860071635072]
%[107]% [56.97865353037766, 49.67105263157895, 0.5337171052631579, 0.5599343185550082, -50, [419, 190], [386, 222], [804, 412], 7.307600898798711, 0.11561677644127294, 1.1629118688722262]
%[108]% [56.43879173290938, 50.79617834394905, 0.7030254777070064, 0.7138314785373608, -10, [374, 255], [325, 303], [698, 558], 5.642613388960328, 0.49889328525324533, 1.0467294317375329]
%[109]% [55.948553054662376, 49.11433172302738, 0.48389694041867953, 0.5016077170418006, -24, [555, 67], [571, 50], [1125, 117], 6.834221331635, -0.03000001554135923, 1.1594102038672205]
%[110]% [54.82315112540193, 46.85990338164252, 0.47665056360708535, 0.4967845659163987, -24, [574, 48], [577, 44], [1150, 92], 7.9632477437594105, -0.034396133177138376, 1.15928801411448]
%[111]% [54.340836012861736, 48.631239935587764, 0.5056360708534622, 0.5273311897106109, -24, [615, 7], [614, 7], [1228, 14], 5.709596077273972, -0.006231877730856387, 1.159781824047888]
%[112]% [55.96184419713831, 50.63694267515923, 0.7308917197452229, 0.7376788553259142, -10, [341, 288], [320, 308], [648, 608], 5.324901521979079, 0.5519983996251586, 1.0197010894582514]
%[113]% [55.2, 51.2, 0.734187349879904, 0.7456, -17, [344, 281], [320, 305], [649, 600], 4.0, 0.5493995003742251, 1.0235274051528607]
%[114]% [55.2, 51.04333868378812, 0.714514835605453, 0.728, -19, [368, 257], [326, 297], [693, 554], 4.156661316211881, 0.5116359019336838, 1.043891748056231]
%[115]% [55.64516129032258, 47.65751211631664, 0.5137318255250404, 0.55, -28, [586, 34], [584, 35], [1169, 69], 7.987649174005938, -0.006066269943902874, 1.1601271368926545]
%[116]% [55.483870967741936, 48.30371567043619, 0.529886914378029, 0.55, -28, [589, 31], [578, 41], [1166, 72], 7.180155297305745, 0.1133844856299183, 1.1545845004302133]
%[117]% [57.41056218057922, 45.81196581196581, 0.6182749786507259, 0.6218057921635435, -95, [497, 90], [442, 143], [939, 232], 11.598596368613407, 0.37935101079900074, 1.1265000708710473]
%[118]% [54.68483816013629, 49.059829059829056, 0.5123825789923142, 0.5332197614991482, -95, [571, 16], [533, 52], [1104, 67], 5.625009100307231, 0.052553378853606524, 1.18754721105035]
%[119]% [56.94444444444444, 52.347826086956516, 0.5191304347826087, 0.5277777777777778, -116, [364, 212], [349, 226], [712, 438], 4.596618357487927, 0.04859131522800612, 1.1955947058223673]
%[120]% [55.10534846029174, 49.83766233766234, 0.5016233766233766, 0.5413290113452188, -34, [601, 16], [525, 91], [1125, 107], 5.267686122629399, -0.045162360389511304, 1.160892645955042]
%[121]% [54.72312703583062, 49.7553017944535, 0.50163132137031, 0.5423452768729642, -40, [601, 13], [524, 89], [1124, 102], 4.9678252413771204, -0.04077489768894812, 1.163632911573715]
%[122]% [54.750402576489535, 48.38709677419355, 0.5306451612903226, 0.5475040257648953, -26, [612, 9], [602, 18], [1213, 27], 6.363305802295983, 0.0874838536785495, 1.1571796072703373]
%[123]% [54.750402576489535, 48.38709677419355, 0.5306451612903226, 0.5475040257648953, -26, [612, 9], [602, 18], [1213, 27], 6.363305802295983, 0.0874838536785495, 1.1571796072703373]
%[124]% [54.750402576489535, 48.38709677419355, 0.5306451612903226, 0.5475040257648953, -26, [612, 9], [602, 18], [1213, 27], 6.363305802295983, 0.0874838536785495, 1.1571796072703373]
%[125]% [56.46481178396072, 48.608837970540094, 0.7133497133497133, 0.7299509001636661, -45, [322, 289], [364, 247], [685, 536], 7.855973813420626, 0.43732185894890363, 1.0812432479744405]
%[126]% [56.79214402618658, 48.44517184942717, 0.515970515970516, 0.530278232405892, -45, [580, 31], [581, 30], [1160, 61], 8.346972176759408, 0.0023669009321932908, 1.166399813709948]
%[127]% [56.79214402618658, 48.44517184942717, 0.515970515970516, 0.530278232405892, -45, [580, 31], [581, 30], [1160, 61], 8.346972176759408, 0.0023669009321932908, 1.166399813709948]
%[128]% [54.39469320066335, 49.16943521594684, 0.5099667774086378, 0.5290215588723052, -62, [592, 11], [523, 79], [1114, 90], 5.225257984716507, 0.037674412774881254, 1.1733888612826124]
%[129]% [54.78119935170178, 48.46029173419773, 0.4906731549067315, 0.5089141004862237, -33, [599, 18], [604, 13], [1202, 31], 6.320907617504048, -0.031978908826544916, 1.1609808581526957]
%[130]% [56.07779578606159, 48.78444084278768, 0.49878345498783455, 0.5170178282009724, -33, [499, 118], [564, 53], [1062, 171], 7.293354943273911, -0.009756674538370274, 1.1613805421632504]
%[131]% [57.212317666126424, 47.811993517017825, 0.519059205190592, 0.546191247974068, -33, [482, 135], [562, 55], [1043, 190], 9.400324149108599, 0.017120828497052095, 1.1612952565939045]
%[132]% [56.88816855753647, 49.75688816855753, 0.5709651257096513, 0.5834683954619124, -33, [377, 240], [352, 265], [641, 592], 7.1312803889789365, 0.1209488827720079, 1.1551015226146348]
%[133]% [55.60975609756098, 51.54471544715447, 0.6037428803905615, 0.5967479674796748, -37, [353, 262], [314, 301], [667, 562], 4.065040650406509, 0.3051179524259513, 1.122339224342118]
%[134]% [54.89864864864865, 50.76142131979695, 0.8291032148900169, 0.8445945945945946, -84, [347, 245], [383, 208], [729, 453], 4.137227328851701, 0.5923096597093818, 1.0250530280002716]
%[135]% [55.95854922279793, 51.12651646447141, 0.6857142857142857, 0.6511226252158895, -111, [440, 139], [379, 198], [818, 337], 4.83203275832652, 0.41718617228718546, 1.118907408610893]
%[136]% [55.55555555555556, 51.66112956810631, 0.5357142857142857, 0.5074626865671642, -62, [451, 152], [394, 208], [844, 360], 3.894425987449246, 0.11196014651428425, 1.1686387237971931]
%[137]% [54.173764906303234, 52.4701873935264, 0.5200341005967605, 0.4991482112436116, -93, [446, 141], [398, 189], [844, 329], 1.7035775127768318, 0.05928389963083357, 1.186249983183244]
%[138]% [55.88235294117647, 49.566724436741765, 0.5311958405545927, 0.5346020761245674, -112, [504, 74], [387, 190], [890, 264], 6.315628504434706, 0.054714054127499794, 1.1934587162826413]
%[139]% [55.46492659053833, 51.882160392798696, 0.5151267375306623, 0.5138662316476346, -43, [470, 143], [360, 251], [829, 394], 3.5827661977396374, 0.054636124792590265, 1.164203174487207]
%[140]% [53.552859618717505, 51.2998266897747, 0.5672159583694709, 0.5597920277296361, -113, [433, 144], [388, 189], [820, 333], 2.253032928942808, 0.18099740682636667, 1.1814089734410953]
%[141]% [53.80875202593193, 52.35008103727715, 0.5474452554744526, 0.5332252836304701, -33, [347, 270], [348, 269], [694, 539], 1.4586709886547808, 0.15231954848389265, 1.1513817597350824]
%[142]% [55.26742301458671, 50.56726094003241, 0.583941605839416, 0.5964343598055105, -33, [398, 219], [403, 214], [800, 433], 4.700162074554299, 0.1867720842941544, 1.1462931158419438]
%[143]% [55.55555555555556, 55.646481178396066, 0.5171849427168577, 0.5081699346405228, -44, [391, 221], [410, 201], [800, 422], 0.09092562284050842, 0.07176761502329924, 1.1637500877207214]
%[144]% [54.828150572831426, 54.09836065573771, 0.530327868852459, 0.5237315875613748, -46, [410, 201], [410, 200], [819, 401], 0.7297899170937185, 0.10140985113675477, 1.1624616438979227]