%[1]% [55.947712418300654, 48.627450980392155, 0.5310660562459124, 0.5464052287581699, -8, [638, 127], [471, 294], [1108, 421], 7.320261437908499, 0.08739700591821464, 1.0840703972739532]
%[2]% [55.08819538670286, 46.26865671641791, 0.5790902919212492, 0.5997286295793759, -64, [681, 56], [667, 70], [1347, 126], 8.819538670284949, 0.198316352673315, 1.0808942196999263]
%[3]% [58.21287779237845, 51.116951379763464, 0.5154503616042078, 0.5427069645203679, -16, [615, 146], [578, 183], [1193, 328], 7.095926412614986, 0.02863248628193732, 1.0890880108398093]
%[4]% [55.84756898817346, 49.93412384716733, 0.5161290322580645, 0.5321944809461235, -18, [454, 307], [399, 360], [853, 666], 5.913445141006129, 0.07893352998252602, 1.0873030569194981]
%[5]% [57.385620915032675, 48.49673202614379, 0.7560497056899934, 0.7124183006535948, -8, [621, 144], [512, 253], [1132, 397], 8.888888888888886, 0.4978482880726447, 0.9668695550027708]
%[6]% [53.53403141361257, 46.13368283093054, 0.481651376146789, 0.5117801047120419, -11, [752, 12], [748, 15], [1499, 27], 7.400348582682028, -0.03693970783978583, 1.0879949232821546]
%[7]% [54.73537604456824, 48.53556485355649, 0.5111576011157601, 0.5376044568245125, -103, [622, 96], [488, 229], [1109, 325], 6.199811191011754, -0.018472826464239357, 1.1118953003052852]
%[8]% [54.01844532279315, 48.02110817941953, 0.5112137203166227, 0.5335968379446641, -21, [735, 24], [692, 66], [1426, 90], 5.9973371433736204, 0.0035554041648603054, 1.0911248556531514]
%[9]% [55.072463768115945, 47.75725593667546, 0.5098944591029023, 0.5270092226613966, -21, [709, 50], [596, 162], [1305, 211], 7.315207831440482, 0.0585421817598368, 1.089558007015618]
%[10]% [54.1501976284585, 47.361477572559366, 0.4782321899736148, 0.5085638998682477, -21, [740, 19], [731, 27], [1470, 46], 6.788720055899134, -0.05561345674117196, 1.0897115222876768]
%[11]% [55.43624161073826, 47.24832214765101, 0.5097380792478173, 0.5409395973154363, -48, [666, 79], [643, 102], [1308, 181], 8.187919463087248, 0.024694415848874822, 1.0932509309644798]
%[12]% [56.63600525624178, 47.23684210526316, 0.5684210526315789, 0.580814717477004, -17, [661, 100], [590, 170], [1251, 269], 9.399163150978623, 0.21896712089839734, 1.067571986861516]
%[13]% [54.73965287049399, 49.265687583444596, 0.5050100200400801, 0.5393858477970628, -40, [714, 35], [658, 91], [1371, 126], 5.473965287049396, 0.01325317757402011, 1.0908471280757799]
%[14]% [54.75234270414994, 46.64879356568365, 0.4979892761394102, 0.5234270414993306, -45, [725, 22], [731, 15], [1455, 37], 8.103549138466292, 0.0063672915860091715, 1.0924493766896057]
%[15]% [56.61664392905866, 47.05882352941176, 0.5440874914559125, 0.5511596180081856, -74, [594, 139], [611, 120], [1204, 259], 9.5578203996469, 0.1137730806393731, 1.096478476915987]
%[16]% [56.8, 45.52736982643525, 0.5413885180240321, 0.5426666666666666, -39, [653, 97], [614, 135], [1267, 231], 11.27263017356475, 0.27394529337558315, 1.0555916875981162]
%[17]% [56.054421768707485, 49.04632152588556, 0.502724795640327, 0.5210884353741496, -69, [659, 76], [623, 111], [1281, 187], 7.008100242821925, 0.0111103571078433, 1.1004788030338324]
%[18]% [56.17367706919946, 47.89687924016282, 0.49966055668703324, 0.5033921302578019, -64, [613, 124], [593, 144], [1205, 268], 8.276797829036639, 0.025295304831241316, 1.098657417539878]
%[19]% [55.281207133058984, 50.617283950617285, 0.5037748798901853, 0.5102880658436214, -80, [544, 185], [489, 240], [1032, 425], 4.6639231824417, 0.023932741697962022, 1.1040752123899957]
%[20]% [55.643044619422575, 48.0946123521682, 0.5111695137976346, 0.536745406824147, -15, [673, 89], [673, 88], [1345, 177], 7.548432267254377, 0.045985534532624696, 1.088243225275702]
%[21]% [56.11702127659575, 49.80026631158455, 0.7303595206391478, 0.7300531914893617, -35, [387, 365], [381, 370], [756, 746], 6.316754965011199, 0.513415457246783, 0.9606640153752731]
%[22]% [55.359565807327, 47.4898236092266, 0.5078071961982349, 0.48575305291723203, -64, [499, 238], [604, 133], [1102, 371], 7.869742198100404, 0.01633399049198231, 1.0988272965982362]
%[23]% [53.8866930171278, 46.49933949801849, 0.4897689768976898, 0.5191040843214756, -22, [745, 14], [741, 16], [1485, 30], 7.387353519109304, -0.03135973423621049, 1.0909236877789126]
%[24]% [58.145695364238414, 51.39442231075697, 0.504313205043132, 0.5152317880794702, -30, [487, 268], [449, 304], [935, 572], 6.751273053481441, 0.01779697838411793, 1.0880156723281496]
%[25]% [55.48037889039242, 50.20352781546812, 0.4942372881355932, 0.496617050067659, -62, [501, 238], [452, 285], [952, 523], 5.276851074924302, -0.008644025770284362, 1.0981741434778676]
%[26]% [55.09933774834437, 48.673740053050395, 0.4953580901856764, 0.5337748344370861, -29, [665, 90], [647, 107], [1312, 196], 6.425597695293973, 0.014867406308809073, 1.0877015974426592]
%[27]% [56.4276048714479, 48.3739837398374, 0.4911924119241192, 0.489851150202977, -61, [452, 287], [450, 288], [901, 575], 8.053621131610498, 0.0013211219291376873, 1.0978707469726658]
%[28]% [55.33980582524271, 46.38888888888889, 0.4986111111111111, 0.5242718446601942, -97, [639, 82], [657, 63], [1295, 145], 8.95091693635382, 0.0030347221427493624, 1.109936789701408]
%[29]% [54.12587412587413, 51.68067226890757, 0.6050420168067226, 0.6041958041958042, -109, [402, 313], [376, 338], [739, 689], 2.4452018569665555, 0.26322129527393845, 1.0811416266078315]
%[30]% [52.475247524752476, 46.39321074964639, 0.4897381457891012, 0.5162659123055162, -124, [666, 41], [703, 4], [1369, 44], 6.082036775106083, -0.005555553800740819, 1.116977033980423]
%[31]% [53.8562091503268, 46.5359477124183, 0.4977109221713538, 0.5215686274509804, -8, [750, 15], [759, 6], [1508, 21], 7.320261437908499, -0.002269459831083109, 1.0875875633329526]
%[32]% [54.054054054054056, 45.73748308525033, 0.4952638700947226, 0.5324324324324324, -59, [704, 36], [723, 16], [1426, 52], 8.316570968803724, 0.017983770176909452, 1.0972311828505503]
%[33]% [55.894039735099334, 49.800796812749006, 0.49900464499004643, 0.5033112582781457, -30, [628, 127], [467, 286], [1095, 412], 6.093242922350328, -0.013788988357675573, 1.0880738869822215]
%[34]% [55.20421607378129, 50.59445178335535, 0.5023102310231023, 0.5059288537549407, -22, [513, 246], [441, 316], [828, 687], 4.609764290425936, 0.022079217237214444, 1.0911511175015025]
%[35]% [57.180851063829785, 48.73501997336884, 0.5, 0.526595744680851, -35, [637, 115], [564, 187], [1200, 302], 8.445831090460942, -0.006571222399268424, 1.0893131715247304]
%[36]% [54.02144772117963, 47.11409395973155, 0.5033557046979866, 0.5361930294906166, -47, [711, 35], [654, 91], [1365, 125], 6.9073537614480784, -0.007033554819606294, 1.0931408428402802]
%[37]% [57.104913678618864, 47.54316069057105, 0.5475083056478405, 0.5604249667994687, -32, [638, 115], [548, 205], [1185, 320], 9.561752988047814, 0.1306976622521283, 1.0809672679219913]
%[38]% [58.277254374158815, 50.0, 0.5202156334231806, 0.5423956931359354, -53, [617, 126], [578, 164], [1194, 290], 8.277254374158815, -0.003335559464529197, 1.0952619492195714]
%[39]% [56.26702997275205, 48.158253751705324, 0.49931787175989084, 0.49318801089918257, -71, [566, 168], [562, 171], [1127, 339], 8.108776221046725, 0.01924964936010509, 1.1010961681824343]
%[40]% [57.21854304635762, 49.53519256308101, 0.6164565361645654, 0.6198675496688741, -30, [482, 273], [441, 312], [922, 585], 7.683350483276605, 0.2356470389008601, 1.062322289536653]
%[41]% [54.88126649076517, 47.95244385733157, 0.4233817701453104, 0.449868073878628, -23, [395, 363], [406, 351], [800, 714], 6.928822633433597, -0.20213345019946483, 1.0728347701200072]
%[42]% [53.51925630810093, 46.480743691899065, 0.4963455149501661, 0.5285524568393094, -32, [745, 8], [744, 9], [1488, 17], 7.038512616201864, 0.020584716670140873, 1.088650292138403]
%[43]% [54.689564068692206, 45.83883751651255, 0.48248512888301387, 0.52443857331572, -24, [725, 32], [712, 45], [1436, 77], 8.850726552179658, -0.038274961044200584, 1.087074837378676]
%[44]% [54.689564068692206, 45.83883751651255, 0.48248512888301387, 0.52443857331572, -24, [725, 32], [712, 45], [1436, 77], 8.850726552179658, -0.038274961044200584, 1.087074837378676]
%[45]% [53.324287652645864, 47.08276797829037, 0.5084860828241684, 0.5278154681139756, -64, [708, 29], [655, 82], [1363, 110], 6.241519674355494, 0.002484710056281624, 1.0989459633057748]
%[46]% [53.941908713692946, 45.63106796116505, 0.49064449064449067, 0.5186721991701245, -94, [693, 30], [692, 29], [1384, 59], 8.310840752527895, -0.034490642825184145, 1.1083176379128328]
%[47]% [56.73854447439353, 51.012145748987855, 0.5236167341430499, 0.5390835579514824, -55, [395, 347], [407, 334], [753, 729], 5.726398725405673, 0.005883942087973982, 1.0959582087749777]
%[48]% [53.941908713692946, 45.63106796116505, 0.49064449064449067, 0.5186721991701245, -94, [693, 30], [692, 29], [1384, 59], 8.310840752527895, -0.034490642825184145, 1.1083176379128328]
%[49]% [56.73854447439353, 51.012145748987855, 0.5236167341430499, 0.5390835579514824, -55, [395, 347], [407, 334], [753, 729], 5.726398725405673, 0.005883942087973982, 1.0959582087749777]
%[50]% [55.42168674698795, 46.4524765729585, 0.4755525787006028, 0.5087014725568942, -44, [660, 87], [630, 117], [1290, 203], 8.969210174029449, -0.09593436962314204, 1.0879107058744382]
%[51]% [54.509803921568626, 46.989528795811516, 0.4816753926701571, 0.5228758169934641, -9, [732, 33], [693, 71], [1425, 103], 7.520275125757109, -0.06761125432259125, 1.085833986475709]
%[52]% [55.453350854139295, 46.8421052631579, 0.48289473684210527, 0.5177398160315374, -17, [700, 61], [699, 61], [1398, 122], 8.611245590981397, -0.06451973852358367, 1.0878982372464108]
%[53]% [56.282722513089, 50.32765399737876, 0.6277850589777195, 0.6164921465968587, -11, [431, 333], [411, 352], [841, 685], 5.955068515710238, 0.3055635429772293, 1.044829213538003]
%[54]% [54.54545454545454, 51.64690382081687, 0.6176664469347396, 0.5994729907773386, -20, [433, 326], [415, 344], [848, 669], 2.8985507246376727, 0.28193801472512375, 1.05373680506401]
%[55]% [57.04874835309618, 46.701846965699204, 0.5521108179419525, 0.5559947299077734, -21, [624, 135], [532, 226], [1156, 360], 10.346901387396976, 0.1399274878891917, 1.0821152776410246]
%[56]% [55.75916230366492, 47.313237221494106, 0.5910878112712975, 0.6034031413612565, -11, [673, 91], [615, 148], [1287, 239], 8.445925082170817, 0.2697051137021766, 1.054661008386401]
%[57]% [56.02094240837696, 47.575360419397114, 0.583224115334207, 0.5981675392670157, -11, [669, 95], [611, 152], [1279, 247], 8.445581988979846, 0.25451506668430796, 1.0584318558090153]
%[58]% [54.92772667542707, 49.01185770750988, 0.47531270572745227, 0.48488830486202367, -18, [577, 184], [658, 101], [1234, 285], 5.915868967917184, -0.006491106069739356, 1.090146954287605]
%[59]% [54.54545454545454, 46.76354029062087, 0.5181518151815182, 0.546772068511199, -22, [680, 79], [653, 104], [1332, 183], 7.781914254833673, 0.11842244906787432, 1.084926465621747]
%[60]% [56.3249001331558, 46.60452729693741, 0.5176548967355097, 0.5446071904127829, -36, [677, 74], [642, 109], [1318, 183], 9.720372836218388, 0.06409726215949621, 1.0877486970882302]
%[61]% [56.34178905206942, 46.86248331108144, 0.520374081496326, 0.5473965287049399, -40, [660, 89], [638, 111], [1297, 200], 9.479305740987982, 0.08463593077165887, 1.0876374358754641]
%[62]% [54.116059379217276, 50.20242914979757, 0.8433490884537475, 0.8380566801619433, -56, [450, 291], [487, 254], [936, 545], 3.9136302294197094, 0.6103376167034636, 0.9105723461671982]
%[63]% [53.71120107962213, 49.5945945945946, 0.8655405405405405, 0.8488529014844804, -57, [440, 301], [455, 285], [895, 585], 4.116606485027532, 0.610682445603448, 0.9107776009055766]
%[64]% [53.84615384615385, 45.94594594594595, 0.46283783783783783, 0.48717948717948717, -57, [710, 31], [720, 20], [1429, 51], 7.900207900207896, -0.0790067653398256, 1.093825740420944]
%[65]% [54.93741307371349, 47.559274755927476, 0.556794425087108, 0.5785813630041725, -102, [437, 282], [443, 274], [879, 556], 7.378138317786018, 0.18616028230780093, 1.0960412085311932]
%[66]% [57.51724137931035, 46.758620689655174, 0.6611456176673568, 0.6606896551724138, -88, [629, 96], [571, 154], [1199, 250], 10.758620689655174, 0.43539683813880936, 0.9968066158919306]
%[67]% [55.484896661367245, 50.558213716108455, 0.7585657370517929, 0.7344992050874404, -282, [322, 307], [335, 292], [657, 598], 4.92668294525879, 0.42416734353479635, 0.9847747672846786]
%[68]% [55.644090305444884, 46.34794156706507, 0.506312292358804, 0.5444887118193891, -32, [701, 52], [717, 36], [1417, 88], 9.296148738379813, -0.0010232570559479469, 1.0888445357891925]
%[69]% [53.918918918918926, 45.87280108254398, 0.479702300405954, 0.5202702702702703, -59, [707, 33], [666, 73], [1373, 105], 8.046117836374947, -0.06711773878827954, 1.0953228121232363]
%[70]% [54.00271370420624, 45.57823129251701, 0.477906186267845, 0.5156037991858887, -66, [702, 35], [664, 71], [1365, 106], 8.424482411689233, -0.06905507749639184, 1.0973848687668448]
%[71]% [53.74149659863946, 46.59400544959128, 0.4822888283378747, 0.5238095238095238, -69, [706, 29], [697, 37], [1403, 65], 7.147491149048179, -0.012922338958657081, 1.1004590039767126]
%[72]% [53.76196990424077, 45.8161865569273, 0.477039067854695, 0.5253077975376197, -78, [706, 25], [678, 51], [1383, 76], 7.945783347313473, -0.01984236091681749, 1.1035359059805427]
%[73]% [56.49794801641587, 47.05075445816186, 0.47498286497601094, 0.5006839945280438, -78, [632, 99], [653, 76], [1284, 175], 9.447193558254007, -0.04071967547850056, 1.1029624907073439]
%[74]% [56.14754098360656, 46.51162790697674, 0.4801641586867305, 0.5, -75, [640, 92], [683, 48], [1322, 140], 9.63591307662982, -0.025485634314540963, 1.102451794420234]
%[75]% [55.75342465753425, 47.05075445816186, 0.4835390946502058, 0.5013698630136987, -79, [659, 71], [689, 40], [1347, 111], 8.702670199372385, -0.018552808931662057, 1.1038176041665302]
%[76]% [56.22435020519836, 46.51162790697674, 0.4784394250513347, 0.4993160054719562, -76, [645, 86], [679, 52], [1323, 138], 9.712722298221621, -0.028329908643823058, 1.1026121729879574]
%[77]% [52.824858757062145, 47.38330975954738, 0.48585572842998587, 0.5112994350282486, -123, [682, 26], [692, 15], [1373, 41], 5.441548997514765, -0.033104662510765326, 1.116119683239656]
%[78]% [52.804377564979475, 47.87379972565158, 0.46812885538039756, 0.506155950752394, -78, [667, 64], [593, 136], [1259, 200], 4.930577839327896, -0.07016449222996106, 1.1014803913661957]
%[79]% [53.997378768020965, 52.887139107611546, 0.6167979002624672, 0.6068152031454783, -13, [639, 124], [671, 91], [1309, 215], 1.1102396604094196, 0.20631892349463435, 1.068967314734443]
%[80]% [54.12844036697248, 50.32851511169514, 0.7971109652002626, 0.7575360419397117, -14, [508, 255], [443, 318], [951, 572], 3.799925255277337, 0.6131254128539397, 0.8997311107405073]
%[81]% [55.16265912305516, 46.25176803394625, 0.6298655343241331, 0.6294200848656294, -124, [627, 80], [590, 117], [1216, 197], 8.910891089108908, 0.430155718318132, 1.030778150043043]
%[82]% [53.04964539007092, 46.23044096728307, 0.4705046197583511, 0.5063829787234042, -130, [686, 19], [678, 25], [1363, 44], 6.819204422787848, -0.10302062736137081, 1.1143327823024256]
%[83]% [56.77506775067751, 47.08276797829037, 0.49118046132971505, 0.510840108401084, -63, [660, 78], [675, 62], [1334, 140], 9.692299772387138, -0.0163161220835216, 1.098459649480995]
%[84]% [57.72357723577236, 51.153324287652644, 0.7415196743554953, 0.7181571815718157, -63, [401, 337], [414, 323], [814, 660], 6.570252948119716, 0.3407938024243959, 1.0443470381833104]
%[85]% [53.51925630810093, 46.27659574468085, 0.49867021276595747, 0.5285524568393094, -33, [746, 7], [746, 6], [1491, 13], 7.242660563420081, 0.016888298252795603, 1.0885911032323836]
%[86]% [59.084791386271874, 48.043184885290145, 0.4949426837491571, 0.5006729475100942, -54, [581, 162], [566, 175], [1146, 337], 11.041606500981729, -0.02350641792076147, 1.0953833634112902]
%[87]% [59.084791386271874, 47.97843665768194, 0.49528301886792453, 0.5020188425302826, -53, [581, 162], [567, 175], [1147, 337], 11.106354728589935, -0.02345688580824037, 1.095015650278021]
%[88]% [59.40460081190798, 47.425474254742554, 0.5257452574525745, 0.5331529093369418, -61, [585, 154], [575, 163], [1159, 317], 11.97912655716543, 0.07400406343827079, 1.0953728174686859]
%[89]% [55.182072829131656, 47.96633941093969, 0.48667601683029454, 0.49019607843137253, -111, [616, 98], [617, 96], [1232, 194], 7.215733418191967, -0.002692850575707905, 1.1130645539595267]
%[90]% [56.43564356435643, 46.95035460992908, 0.6130403968816442, 0.611032531824611, -126, [590, 117], [556, 149], [1145, 266], 9.485288954427354, 0.3867966248412913, 1.048673199887483]
%[91]% [56.43564356435643, 46.95035460992908, 0.6130403968816442, 0.611032531824611, -126, [590, 117], [556, 149], [1145, 266], 9.485288954427354, 0.3867966248412913, 1.048673199887483]
%[92]% [54.285714285714285, 49.92846924177397, 0.5679542203147353, 0.5657142857142857, -139, [512, 188], [448, 251], [959, 439], 4.357245043940317, 0.1947424885882158, 1.1048870411003051]
%[93]% [56.78466076696165, 45.79025110782865, 0.5007385524372231, 0.5294985250737463, -183, [604, 74], [612, 65], [1215, 139], 10.994409659132998, 0.011277705210878718, 1.136756977211874]
%[94]% [56.78466076696165, 45.79025110782865, 0.5007385524372231, 0.5294985250737463, -183, [604, 74], [612, 65], [1215, 139], 10.994409659132998, 0.011277705210878718, 1.136756977211874]
%[95]% [55.57046979865772, 48.18304172274562, 0.5870880968392737, 0.5892617449664429, -50, [611, 134], [558, 185], [1168, 319], 7.387428075912098, 0.13576330109258267, 1.085712312014601]
%[96]% [58.43454790823211, 49.392712550607285, 0.5070898041863605, 0.524966261808367, -56, [549, 192], [550, 191], [1098, 383], 9.041835357624826, -0.0053814882205033285, 1.0963013825066448]
%[97]% [58.104395604395606, 51.719394773039895, 0.5020632737276479, 0.49038461538461536, -83, [390, 338], [424, 303], [814, 640], 6.385000831355711, -0.013170643718567314, 1.1053556095209196]
%[98]% [55.88652482269504, 45.596590909090914, 0.5518465909090909, 0.573049645390071, -129, [651, 54], [631, 73], [1281, 127], 10.289933913604123, 0.15178979120471262, 1.1084728343790824]
%[99]% [55.020080321285135, 46.1847389558233, 0.5103817816476892, 0.5314591700133868, -44, [697, 50], [704, 43], [1400, 93], 8.835341365461836, 0.02378434681365415, 1.0918760009389632]
%[100]% [54.557463672391016, 47.682119205298015, 0.5466578424884183, 0.5812417437252312, -26, [690, 67], [700, 55], [1389, 122], 6.875344467093001, 0.10191265878734172, 1.0834647956766295]
%[101]% [55.16778523489933, 49.127516778523486, 0.5661517797179315, 0.5973154362416108, -48, [654, 91], [621, 124], [1274, 215], 6.040268456375841, 0.13820686237855276, 1.0847552020876223]
%[102]% [56.91275167785235, 49.7986577181208, 0.674278038952317, 0.6845637583892618, -48, [533, 212], [406, 339], [939, 550], 7.114093959731548, 0.39009405831669386, 1.0215342288262006]
%[103]% [57.58389261744966, 49.52893674293405, 0.5534633490248824, 0.5838926174496645, -50, [576, 169], [530, 213], [1105, 382], 8.054955874515613, 0.11740417967888038, 1.0878521428908383]
%[104]% [53.566621803499324, 45.614035087719294, 0.5003371544167229, 0.5302826379542396, -54, [720, 23], [706, 35], [1425, 58], 7.952586715780029, 0.01313556341890218, 1.095556925910955]
%[105]% [55.072463768115945, 53.359683794466406, 0.5847066578773896, 0.5849802371541502, -20, [393, 366], [468, 291], [860, 657], 1.712779973649539, 0.2107712570270898, 1.0702564670845836]
%[106]% [55.452127659574465, 53.39547270306259, 0.5865512649800266, 0.5970744680851063, -35, [394, 358], [440, 311], [798, 704], 2.0566549565118777, 0.19790278547772078, 1.071193161826105]
%[107]% [54.63087248322148, 52.35531628532974, 0.5467383994620041, 0.548993288590604, -50, [435, 310], [480, 263], [914, 573], 2.2755561978917385, 0.12153329060393528, 1.0873982810100833]
%[108]% [54.90196078431373, 51.50720838794234, 0.7452521283562541, 0.7555555555555555, -10, [386, 379], [424, 339], [810, 717], 3.3947523963713877, 0.5185199492728703, 0.9567221776793811]
%[109]% [54.689564068692206, 47.82034346103038, 0.5062789160608063, 0.5363276089828269, -24, [705, 52], [685, 72], [1389, 124], 6.869220607661823, 0.03883015770669497, 1.0870551344089132]
%[110]% [55.878467635402906, 49.00924702774108, 0.5142101784534039, 0.5429326287978864, -24, [678, 79], [658, 99], [1335, 178], 6.869220607661823, 0.07660938774759377, 1.0850459730805755]
%[111]% [56.010568031704096, 49.405548216644654, 0.5267680105750165, 0.5257595772787318, -24, [645, 112], [607, 150], [1251, 262], 6.605019815059443, 0.08005948958614371, 1.0847967010585435]
%[112]% [54.771241830065364, 51.11402359108781, 0.741977734119188, 0.7568627450980392, -10, [394, 371], [411, 352], [782, 745], 3.6572182389775563, 0.5248329847094743, 0.9532713595223219]
%[113]% [54.796320630749015, 51.71052631578947, 0.7421052631578947, 0.7529566360052562, -17, [383, 378], [416, 344], [793, 727], 3.085794314959543, 0.5193749766600759, 0.9579979964432647]
%[114]% [54.34210526315789, 47.56258234519104, 0.505270092226614, 0.525, -19, [745, 15], [743, 16], [1487, 31], 6.779522917966851, 0.0015941998075904896, 1.090465868283314]
%[115]% [54.437086092715234, 45.96026490066225, 0.49966865473823724, 0.5377483443708609, -28, [728, 27], [721, 34], [1449, 60], 8.47682119205298, -0.003711081720330685, 1.0878463979104727]
%[116]% [55.496688741721854, 52.980132450331126, 0.5851557322730285, 0.5894039735099338, -28, [392, 363], [469, 286], [831, 678], 2.516556291390728, 0.20860173040229488, 1.0676516421053883]
%[117]% [56.50969529085873, 50.90152565880721, 0.6705963938973648, 0.628808864265928, -95, [454, 268], [435, 286], [888, 554], 5.608169632051521, 0.4262482660322679, 1.0239802529363815]
%[118]% [55.67867036011081, 51.73370319001387, 0.5776699029126213, 0.5886426592797784, -95, [460, 262], [371, 350], [810, 632], 3.9449671700969375, 0.2014632449897417, 1.0907491103964142]
%[119]% [57.52461322081576, 49.929676511954995, 0.5362420830401126, 0.5443037974683544, -116, [443, 268], [449, 262], [892, 529], 7.594936708860764, 0.10846589133405585, 1.1095351104703812]
%[120]% [54.8472775564409, 47.003994673768304, 0.5335994677312043, 0.5564409030544488, -34, [732, 21], [717, 34], [1448, 55], 7.843282882672597, 0.08848301855152, 1.0853750218128106]
%[121]% [54.73965287049399, 46.728971962616825, 0.5277221108884436, 0.5527369826435247, -40, [730, 19], [721, 28], [1450, 47], 8.010680907877166, 0.07834333854272672, 1.0881091119632587]
%[122]% [54.82166446499339, 51.523178807947026, 0.7332892124420913, 0.7397622192866579, -26, [466, 291], [459, 296], [924, 587], 3.2984856570463634, 0.404136279653351, 1.010373562713076]
%[123]% [54.82166446499339, 51.523178807947026, 0.7332892124420913, 0.7397622192866579, -26, [466, 291], [459, 296], [924, 587], 3.2984856570463634, 0.404136279653351, 1.010373562713076]
%[124]% [54.82166446499339, 51.523178807947026, 0.7332892124420913, 0.7397622192866579, -26, [466, 291], [459, 296], [924, 587], 3.2984856570463634, 0.404136279653351, 1.010373562713076]
%[125]% [57.831325301204814, 49.19571045576407, 0.685656836461126, 0.714859437751004, -45, [464, 283], [492, 254], [955, 537], 8.635614845440742, 0.36859247959331276, 1.028365048938191]
%[126]% [57.028112449799195, 49.865951742627345, 0.6588471849865952, 0.6626506024096386, -45, [436, 311], [383, 363], [819, 673], 7.16216070717185, 0.3438069961026271, 1.0369202871098162]
%[127]% [57.028112449799195, 49.865951742627345, 0.6588471849865952, 0.6626506024096386, -45, [436, 311], [383, 363], [819, 673], 7.16216070717185, 0.3438069961026271, 1.0369202871098162]
%[128]% [54.93910690121786, 47.89687924016282, 0.5050847457627119, 0.5331529093369418, -62, [693, 46], [635, 102], [1328, 147], 7.042227661055044, 0.018040677733340504, 1.0980598947318754]
%[129]% [55.77689243027888, 51.59574468085106, 0.5764627659574468, 0.5444887118193891, -33, [542, 211], [520, 232], [1062, 442], 4.181147749427815, 0.2319282185524068, 1.0637149556950396]
%[130]% [54.448871181938905, 51.99468085106383, 0.6063829787234043, 0.5949535192563081, -33, [396, 357], [391, 361], [787, 717], 2.454190330875072, 0.2725398787792693, 1.0540344344829178]
%[131]% [54.05046480743692, 51.86170212765957, 0.6429521276595744, 0.6454183266932271, -33, [401, 352], [388, 364], [789, 715], 2.188762679777348, 0.31174199441646006, 1.0431051068517054]
%[132]% [54.18326693227091, 53.058510638297875, 0.6236702127659575, 0.6055776892430279, -33, [474, 279], [413, 339], [887, 617], 1.1247562939730358, 0.2852260299185489, 1.0506702520795663]
%[133]% [54.061251664447404, 51.866666666666674, 0.6073333333333333, 0.611185086551265, -37, [438, 313], [397, 353], [835, 665], 2.19458499778073, 0.28017329279581704, 1.0533469411090857]
%[134]% [55.29573590096286, 52.95735900962861, 0.8066070199587061, 0.8060522696011004, -84, [471, 256], [527, 200], [998, 455], 2.3383768913342493, 0.6300757139695569, 0.908503299606568]
%[135]% [55.182072829131656, 51.89340813464236, 0.7349228611500701, 0.6750700280112045, -111, [542, 172], [502, 211], [1043, 383], 3.2886646944892988, 0.5844881002899641, 0.9471292840217135]
%[136]% [54.26251691474966, 49.796472184531886, 0.5138983050847458, 0.5047361299052774, -62, [463, 276], [460, 277], [923, 552], 4.466044730217774, 0.07097628060033766, 1.0959106574932935]
%[137]% [54.910096818810516, 45.56786703601108, 0.5, 0.5242047026279392, -93, [656, 67], [617, 105], [1272, 172], 9.342229782799436, -0.00558863254135005, 1.10845929410467]
%[138]% [55.259467040673215, 47.12482468443198, 0.5256140350877193, 0.5610098176718092, -112, [582, 131], [497, 216], [1078, 347], 8.134642356241237, 0.06365615777802049, 1.1116194872915166]
%[139]% [56.14973262032086, 49.9330655957162, 0.5026773761713521, 0.5147058823529411, -43, [559, 189], [482, 265], [1041, 453], 6.216667024604661, 0.05174699844605472, 1.090541530291594]
%[140]% [54.4179523141655, 46.91011235955056, 0.5617977528089888, 0.5722300140252454, -113, [659, 54], [626, 86], [1284, 140], 7.507839954614937, 0.1727949467937598, 1.1003152984081195]
%[141]% [53.51925630810093, 46.27659574468085, 0.4973404255319149, 0.5312084993359893, -33, [748, 5], [748, 4], [1495, 9], 7.242660563420081, 0.00904255154285025, 1.0886846064295663]
%[142]% [58.03452855245684, 50.13297872340425, 0.4587765957446808, 0.4555112881806109, -33, [430, 323], [421, 331], [850, 654], 7.901549829052591, -0.06968083724062493, 1.0864885387589176]
%[143]% [54.35073627844712, 46.85408299866131, 0.49698593436034827, 0.5274431057563588, -44, [734, 13], [741, 6], [1474, 19], 7.496653279785811, 0.0030609400417688144, 1.092130898792995]
%[144]% [54.61847389558233, 46.1744966442953, 0.49966465459423204, 0.5314591700133868, -46, [726, 21], [739, 6], [1464, 27], 8.44397725128703, 0.003708914252114248, 1.0928279088438038]
%[145]% [56.96378830083565, 50.2092050209205, 0.5076708507670851, 0.5111420612813371, -103, [400, 318], [390, 327], [790, 644], 6.754583279915153, 0.03617155335770824, 1.1114600073701615]
%[146]% [54.5201668984701, 51.738525730180804, 0.5128740431454419, 0.5090403337969402, -100, [554, 165], [473, 246], [1026, 411], 2.7816411682892976, 0.05710510752975899, 1.1095367455557734]
%[147]% [53.21888412017167, 46.84813753581662, 0.4885386819484241, 0.51931330472103, -141, [658, 41], [646, 52], [1303, 93], 6.370746584355054, -0.016626078624779994, 1.1219116897430674]
%[148]% [55.42483660130719, 49.73821989528796, 0.7650523560209425, 0.74640522875817, -9, [538, 227], [568, 196], [1105, 423], 5.68661670601923, 0.5063809118969902, 0.9628188658822188]
%[149]% [55.99472990777339, 51.12285336856011, 0.46864686468646866, 0.40974967061923584, -22, [494, 265], [461, 296], [954, 561], 4.871876539213282, 0.1227525257828212, 1.0844447611092924]
%[150]% [57.839262187088266, 47.6882430647292, 0.7207920792079208, 0.7299077733860343, -22, [603, 156], [572, 185], [1175, 340], 10.151019122359067, 0.40222441166540973, 1.0144985158887436]
%[151]% [57.23771580345286, 49.26958831341302, 0.8318936877076412, 0.8472775564409031, -32, [455, 298], [447, 306], [901, 604], 7.968127490039841, 0.5050365783843487, 0.9645475293128287]
%[152]% [58.099062918340024, 48.728246318607766, 0.6537173476222371, 0.677376171352075, -44, [510, 237], [475, 272], [985, 508], 9.370816599732258, 0.3708305652718055, 1.0272058212233635]
%[153]% [59.43775100401606, 49.46380697050938, 0.621313672922252, 0.6345381526104418, -45, [514, 233], [470, 276], [984, 508], 9.973944033506676, 0.27298922065755316, 1.0577868942559467]
%[154]% [57.028112449799195, 51.07238605898124, 0.6957104557640751, 0.6867469879518072, -45, [449, 298], [462, 284], [910, 582], 5.955726390817958, 0.405549594608133, 1.0143497561003176]
%[155]% [55.72005383580081, 53.1628532974428, 0.6262626262626263, 0.6069986541049798, -52, [536, 207], [570, 173], [1105, 380], 2.5572005383580105, 0.3048215525720256, 1.0515903156358195]
%[156]% [55.28455284552846, 45.86160108548169, 0.4097693351424695, 0.44173441734417346, -63, [677, 61], [672, 65], [1348, 126], 9.422951760046772, -0.19128223804799963, 1.0817884561245235]
%[157]% [57.028112449799195, 51.07238605898124, 0.6957104557640751, 0.6867469879518072, -45, [449, 298], [462, 284], [910, 582], 5.955726390817958, 0.405549594608133, 1.0143497561003176]
