%[1, 1]% [56.42683912691997, 50.88996763754046, 0.6306634304207119, 0.6313662085691188, -8, [1024, 213], [1022, 214], [2045, 427], 5.536871489379514, 0.04400048643639944, 0.15731278625560374]
%[1, 2]% [56.74110835401158, 50.66225165562914, 0.6287251655629139, 0.6253101736972705, -64, [1008, 201], [998, 210], [2006, 410], 6.078856698382438, 0.0423747120018037, 0.15304650531747932]
%[1, 3]% [57.17761557177615, 50.243506493506494, 0.614448051948052, 0.6001622060016221, -16, [895, 338], [951, 281], [1845, 619], 6.934109078269657, 0.04039741438124087, 0.15788018433224835]
%[1, 4]% [57.467532467532465, 50.77173030056864, 0.5178716490658002, 0.5227272727272727, -18, [1155, 77], [1170, 61], [2324, 138], 6.695802166963823, 0.009518202003863262, 0.1627506731431358]
%[1, 5]% [56.83104284559418, 50.64724919093852, 0.6266181229773463, 0.6273241713823767, -8, [1029, 208], [1027, 209], [2055, 417], 6.183793654655666, 0.04331858673141998, 0.15750199892825123]
%[1, 6]% [56.68016194331984, 50.76923076923077, 0.6245443499392467, 0.6234817813765182, -11, [1039, 196], [1036, 199], [2074, 395], 5.910931174089072, 0.04128406853171774, 0.15796735825523286]
%[1, 7]% [57.61143818334735, 50.630782169890665, 0.6133782078249895, 0.624053826745164, -103, [980, 209], [1002, 187], [1981, 396], 6.980656013456688, 0.03695741750936223, 0.1516975574725812]
%[1, 8]% [58.651502843216896, 51.74938974776241, 0.35380235868239124, 0.3761169780666125, -21, [739, 492], [672, 557], [1410, 1049], 6.902113095454489, -0.03405612762888644, 0.15928513700292674]
%[1, 9]% [57.35174654752234, 50.691619202603746, 0.6250508336722245, 0.620633631194151, -21, [1011, 220], [1019, 210], [2029, 430], 6.6601273449185925, 0.04242569840793059, 0.15726212001173176]
%[1, 10]% [56.94557270511778, 48.982912937347436, 0.5681171207808052, 0.5662063363119415, -21, [1100, 131], [1104, 125], [2203, 256], 7.962659767770347, 0.023907758104650893, 0.1611217959110698]
%[1, 11]% [57.60065735414954, 50.08223684210527, 0.6287006578947368, 0.6253081347576006, -48, [990, 227], [982, 234], [1972, 460], 7.518420512044273, 0.04152871339925026, 0.15513854511513525]
%[1, 12]% [58.96188158961881, 50.528025995125915, 0.6268777913114089, 0.6188158961881589, -17, [989, 244], [993, 238], [1982, 481], 8.433855594492897, 0.042379471522930236, 0.1573923792668576]
%[1, 13]% [57.57575757575758, 51.55737704918033, 0.6184426229508196, 0.6175266175266175, -40, [1021, 200], [1019, 201], [2039, 401], 6.018380526577246, 0.03886490381154858, 0.1564208457322778]
%[1, 14]% [57.67022149302707, 50.78060805258833, 0.5503080082135524, 0.5520918785890074, -45, [835, 384], [838, 379], [1672, 763], 6.889613440438744, 0.018828702511483882, 0.15975434846304873]
%[1, 15]% [56.89368770764119, 50.20781379883624, 0.6300914380714879, 0.6320598006644518, -74, [981, 223], [997, 206], [1978, 428], 6.68587390880495, 0.043606317746867164, 0.1521406903222548]
%[1, 16]% [57.16625716625716, 50.859950859950864, 0.6317083162638263, 0.6339066339066339, -39, [1005, 216], [1011, 210], [2015, 426], 6.306306306306297, 0.043981160213106336, 0.15505226159509344]
%[1, 17]% [59.23777961888981, 53.77593360995851, 0.5715470759021153, 0.5592377796188898, -69, [819, 388], [958, 247], [1777, 634], 5.461846008931303, 0.017120424863561363, 0.15768020799711333]
%[1, 18]% [58.47808105872622, 50.579470198675494, 0.6076158940397351, 0.6104218362282878, -64, [955, 254], [969, 239], [1923, 493], 7.898610860050724, 0.037158748813417575, 0.15439639947757905]
%[1, 19]% [58.78434637801831, 51.24999999999999, 0.61, 0.6094920899250624, -80, [874, 327], [896, 304], [1769, 631], 7.53434637801832, 0.03797825331489245, 0.15276528369519216]
%[1, 20]% [56.772100567721004, 52.7169505271695, 0.5253549695740365, 0.5385239253852393, -15, [1023, 210], [1056, 177], [2078, 387], 4.055150040551503, 0.011699384463002668, 0.1628145662041708]
%[1, 21]% [57.15453802125919, 50.776778413736714, 0.6278118609406953, 0.6263286999182338, -35, [1017, 206], [1012, 211], [2028, 417], 6.377759607522478, 0.041443727157842405, 0.15594925828372636]
%[1, 22]% [57.07196029776674, 50.579470198675494, 0.6142384105960265, 0.6137303556658396, -64, [1022, 187], [1029, 179], [2051, 365], 6.492490099091249, 0.03690527710101462, 0.15445720792721593]
%[1, 23]% [57.073170731707314, 50.61025223759154, 0.6171684296175752, 0.6170731707317073, -22, [1025, 205], [1028, 201], [2052, 406], 6.462918494115776, 0.04088560554242115, 0.15764739696875557]
%[1, 24]% [57.17781402936378, 51.02040816326531, 0.6110204081632653, 0.6068515497553018, -30, [1066, 160], [1047, 178], [2112, 338], 6.157405866098472, 0.038846663844828704, 0.15770106047216031]
%[1, 25]% [59.586776859504134, 53.43258891645989, 0.576509511993383, 0.5768595041322314, -62, [802, 408], [811, 398], [1612, 806], 6.154187943044242, 0.021271477759229534, 0.1573740281745582]
%[1, 26]% [57.04971475142624, 51.34693877551021, 0.6213790289677683, 0.6193969030154849, -29, [1039, 188], [1035, 190], [2073, 378], 5.702775975916026, 0.03919590949428563, 0.1575994415904349]
%[1, 27]% [58.54665565648225, 51.1166253101737, 0.5039272426622571, 0.4962840627580512, -61, [806, 405], [804, 405], [1610, 809], 7.430030346308548, 0.0044077358348352845, 0.15889970091133995]
%[1, 28]% [57.83738474434199, 50.377833753148614, 0.6252622744439782, 0.6202849958088852, -97, [942, 251], [981, 210], [1922, 461], 7.459550991193375, 0.04240147461172817, 0.15019501919273484]
%[1, 29]% [57.62426284751474, 51.47679324894515, 0.6060733867566428, 0.6099410278011794, -109, [1012, 175], [1023, 162], [2035, 336], 6.147469598569593, 0.0330051954966062, 0.15179354625093788]
%[1, 30]% [58.01526717557252, 52.12224108658744, 0.551358234295416, 0.5385920271416454, -124, [892, 287], [1014, 164], [1905, 451], 5.893026088985081, 0.02076599305473483, 0.1531620070757307]
