%[1, 1]% [56.345998383185126, 50.64724919093852, 0.6322815533980582, 0.6321746160064673, -8, [1023, 214], [1019, 217], [2041, 431], 5.698749192246609, 0.044409548676901264, 0.15719775086366916]
%[1, 2]% [56.07940446650124, 50.74503311258278, 0.6399006622516556, 0.6401985111662531, -64, [988, 221], [989, 219], [1977, 439], 5.334371353918456, 0.0456893921194487, 0.15208947229681627]
%[1, 3]% [57.0154095701541, 50.649350649350644, 0.6164772727272727, 0.6001622060016221, -16, [895, 338], [946, 286], [1840, 624], 6.366058920803454, 0.040740620006214485, 0.15779193347202766]
%[1, 4]% [56.574675324675326, 50.69049553208773, 0.5308692120227457, 0.5381493506493507, -18, [1144, 88], [1167, 64], [2310, 152], 5.884179792587595, 0.012809242057567878, 0.16252467885786173]
%[1, 5]% [56.66936135812449, 50.080906148867314, 0.6237864077669902, 0.6224737267582862, -8, [1035, 202], [1030, 206], [2064, 408], 6.588455209257177, 0.0424915097870873, 0.15772723271715017]
%[1, 6]% [56.518218623481786, 50.68825910931174, 0.6265694613203726, 0.6251012145748988, -11, [1037, 198], [1031, 204], [2067, 402], 5.829959514170049, 0.04181809698632489, 0.15782677013541258]
%[1, 7]% [56.770395290159804, 50.3784693019344, 0.6226335717290703, 0.6349873843566022, -103, [968, 221], [999, 190], [1966, 411], 6.3919259882254025, 0.03895059994002275, 0.1511978397285807]
%[1, 8]% [57.189277010560524, 50.0406834825061, 0.49247661651077673, 0.49715678310316813, -21, [708, 523], [770, 459], [1477, 982], 7.148593528054427, 0.0033755279159390764, 0.16285161261083464]
%[1, 9]% [56.45816409423233, 50.61025223759154, 0.6193574623830825, 0.619821283509342, -21, [1032, 199], [1032, 197], [2063, 396], 5.847911856640792, 0.041524177840590815, 0.15750265940910632]
%[1, 10]% [55.88952071486596, 49.71521562245728, 0.6266775111834079, 0.6246953696181966, -21, [692, 539], [722, 507], [1413, 1046], 6.17430509240868, 0.04627050278195524, 0.15617367290828582]
%[1, 11]% [56.45028759244043, 49.75328947368421, 0.6245888157894737, 0.6220213640098603, -48, [1000, 217], [992, 224], [1992, 440], 6.69699811875622, 0.04063103303901459, 0.1553761619742318]
%[1, 12]% [58.06974858069749, 50.20308692120228, 0.6321559074299634, 0.624493106244931, -17, [962, 271], [981, 250], [1943, 520], 7.866661659495215, 0.045458274549746776, 0.15653055960142048]
%[1, 13]% [56.59295659295659, 50.65573770491804, 0.6364754098360655, 0.633087633087633, -40, [1007, 214], [998, 222], [2004, 436], 5.937218888038551, 0.04478363531534789, 0.15482953447441494]
%[1, 14]% [56.275635767022145, 50.4519309778143, 0.6114989733059548, 0.6103363412633306, -45, [998, 221], [998, 219], [1995, 440], 5.823704789207845, 0.03623611148622736, 0.15672435134520124]
%[1, 15]% [56.72757475083057, 50.12468827930174, 0.6313383208645054, 0.6337209302325582, -74, [979, 225], [996, 207], [1975, 431], 6.6028864715288265, 0.04375424587221217, 0.15209819589299245]
%[1, 16]% [56.42915642915642, 50.204750204750205, 0.6296599754199099, 0.6281736281736282, -39, [1020, 201], [1019, 202], [2038, 403], 6.224406224406216, 0.043517775439864445, 0.1551830084683547]
%[1, 17]% [58.077879038939514, 54.107883817427386, 0.5192866030692659, 0.5236122618061309, -69, [887, 320], [1064, 141], [1950, 461], 3.9699952215121286, 0.00502584906150473, 0.15852762826625497]
%[1, 18]% [57.07196029776674, 50.248344370860934, 0.6200331125827815, 0.6261373035566584, -64, [1012, 197], [1029, 179], [2040, 376], 6.823615926905809, 0.0413311587165523, 0.15333173349533566]
%[1, 19]% [57.368859283930064, 50.74999999999999, 0.6108333333333333, 0.6003330557868443, -80, [975, 226], [984, 216], [1958, 442], 6.618859283930071, 0.03951027954618136, 0.15237607408161608]
%[1, 20]% [55.636658556366584, 52.87915652879156, 0.5200811359026369, 0.527169505271695, -15, [1041, 192], [1026, 207], [2066, 399], 2.757502027575022, 0.011675622400357322, 0.16281627262669773]
%[1, 21]% [56.58217497955847, 50.776778413736714, 0.6298568507157464, 0.6304170073589533, -35, [1012, 211], [1012, 211], [2023, 422], 5.805396565821752, 0.041993206702858395, 0.155802135774299]
%[1, 22]% [56.82382133995038, 50.579470198675494, 0.6154801324503312, 0.6162117452440034, -64, [1017, 192], [1023, 185], [2040, 376], 6.244351141274883, 0.03729679173981117, 0.154363097452112]
%[1, 23]% [56.09756097560976, 50.44751830756713, 0.612286411716843, 0.6138211382113821, -22, [1049, 181], [1046, 183], [2094, 364], 5.65004266804263, 0.03904078790479991, 0.15811455152332685]
%[1, 24]% [56.688417618270805, 51.26530612244898, 0.6212244897959184, 0.6215334420880914, -30, [1046, 180], [1032, 193], [2077, 373], 5.423111495821821, 0.04166821129468023, 0.15697883669602694]
%[1, 25]% [57.60330578512397, 52.605459057071954, 0.597601323407775, 0.5942148760330579, -62, [1020, 190], [1019, 190], [2038, 380], 4.997846728052018, 0.02599641978987196, 0.15666254901873172]
%[1, 26]% [56.0717196414018, 52.326530612244895, 0.5201958384332925, 0.5362673186634067, -29, [1175, 52], [1191, 34], [2365, 86], 3.7451890291569043, 0.007025996941247798, 0.16225025607980886]
%[1, 27]% [57.55573905862923, 50.454921422663354, 0.5386523356758991, 0.5243600330305532, -61, [854, 357], [856, 353], [1710, 709], 7.100817635965875, 0.01486290866257288, 0.1582641895906642]
%[1, 28]% [56.663872590108966, 50.46179680940386, 0.6319765002098195, 0.6311818943839062, -97, [982, 211], [988, 203], [1969, 414], 6.202075780705108, 0.043588101688774, 0.14985480770998752]
%[1, 29]% [56.36057287278854, 50.210970464135016, 0.6339097427245888, 0.6343723673125526, -109, [977, 210], [990, 195], [1967, 404], 6.1496024086535215, 0.04356811123022999, 0.14910433265146084]
%[1, 30]% [56.65818490245971, 51.61290322580645, 0.5887096774193549, 0.5657336726039016, -124, [860, 319], [950, 228], [1809, 547], 5.045281676653261, 0.03457039842581304, 0.15064657335623788]
%[1, 31]% [56.1034761519806, 50.728155339805824, 0.6314724919093851, 0.629749393694422, -8, [1030, 207], [1028, 208], [2057, 415], 5.3753208121747775, 0.0450741663141158, 0.1570083958048002]
%[1, 32]% [57.3905862923204, 51.362510322047896, 0.5935563816604709, 0.5862923203963666, -59, [1053, 158], [1032, 179], [2085, 336], 6.0280759702725035, 0.03319857717298959, 0.15547216388268606]
%[1, 33]% [56.035889070146816, 51.02040816326531, 0.5816326530612245, 0.5709624796084829, -30, [620, 606], [632, 593], [1251, 1199], 5.015480906881507, 0.03375842843736921, 0.15886852150573405]
%[1, 34]% [56.26016260162602, 50.20341741253051, 0.6240846216436127, 0.6203252032520326, -22, [1033, 197], [1025, 204], [2057, 401], 6.056745189095508, 0.0419887275206936, 0.1573570591508618]
%[1, 35]% [57.15453802125919, 50.36794766966476, 0.6179959100204498, 0.6140637775960752, -35, [977, 246], [1003, 220], [1979, 466], 6.786590351594434, 0.040775057045716205, 0.15612549726959146]
%[1, 36]% [56.1216105176664, 52.341824157765, 0.521167283189478, 0.5341002465078061, -47, [821, 396], [755, 462], [1575, 858], 3.7797863599014008, 0.00910894100527875, 0.16032249984894942]
%[1, 37]% [57.55102040816327, 51.307189542483655, 0.5657679738562091, 0.5689795918367347, -32, [1129, 96], [1117, 107], [2245, 203], 6.243830865679612, 0.021929696202278137, 0.15980500048528756]
%[1, 38]% [56.95473251028807, 50.78318219291014, 0.6168108776266996, 0.6065843621399177, -53, [918, 297], [939, 274], [1856, 571], 6.171550317377928, 0.041180924962565986, 0.1539354868084046]
%[1, 39]% [57.0954356846473, 50.70539419087137, 0.6297218762972188, 0.6307053941908713, -71, [980, 225], [979, 226], [1958, 451], 6.390041493775932, 0.04187829517239404, 0.15268175892236574]
%[1, 40]% [56.7699836867863, 50.61224489795918, 0.6208163265306123, 0.6207177814029364, -30, [1043, 183], [1030, 195], [2072, 378], 6.157738788827118, 0.04254694860808703, 0.15674285294531165]
%[1, 41]% [56.22457282343368, 51.342554922701375, 0.518925518925519, 0.5272579332790887, -23, [1177, 52], [1181, 48], [2357, 100], 4.882017900732308, 0.008133090119755845, 0.1626949319017356]
%[1, 42]% [57.632653061224495, 49.754901960784316, 0.6066176470588235, 0.6073469387755102, -32, [1044, 181], [1040, 184], [2083, 365], 7.877751100440179, 0.036991770847950106, 0.15700253489837704]
%[1, 43]% [57.445077298616766, 50.5700325732899, 0.5761400651465798, 0.5711960943856794, -24, [1041, 188], [1081, 147], [2121, 335], 6.875044725326866, 0.02689781275362456, 0.16069101128684193]
%[1, 44]% [57.445077298616766, 50.5700325732899, 0.5761400651465798, 0.5711960943856794, -24, [1041, 188], [1081, 147], [2121, 335], 6.875044725326866, 0.02689781275362456, 0.16069101128684193]
%[1, 45]% [56.575682382134, 50.248344370860934, 0.5620860927152318, 0.5674110835401158, -64, [1054, 155], [1085, 123], [2139, 277], 6.3273380112730635, 0.023817643177825094, 0.1570098006761478]
%[1, 46]% [56.53266331658291, 50.62866722548198, 0.6374685666387259, 0.6390284757118928, -94, [978, 216], [982, 211], [1959, 427], 5.903996091100929, 0.044599184546266796, 0.14960254386072064]
%[1, 47]% [56.96619950535862, 51.11294311624073, 0.48783505154639173, 0.5094806265457543, -55, [1112, 101], [1159, 54], [2271, 154], 5.853256389117888, -0.006684245817440072, 0.15922821027910342]
%[1, 48]% [56.53266331658291, 50.71248952221291, 0.6378876781223806, 0.6407035175879398, -94, [978, 216], [983, 210], [1960, 426], 5.82017379437, 0.04460087865715954, 0.14960203859386287]
%[1, 49]% [56.96619950535862, 51.11294311624073, 0.48783505154639173, 0.5094806265457543, -55, [1112, 101], [1159, 54], [2271, 154], 5.853256389117888, -0.006684245817440072, 0.15922821027910342]
%[1, 50]% [57.34208367514356, 50.656814449917896, 0.6042692939244664, 0.6111566858080394, -44, [1018, 201], [1048, 170], [2065, 371], 6.685269225225667, 0.03341614578549302, 0.15739999202859248]
%[1, 51]% [56.18431689571543, 51.578947368421055, 0.5171995143666531, 0.5319320937752627, -9, [916, 321], [1048, 187], [1963, 508], 4.605369527294378, 0.013585299144916234, 0.16274682181724628]
%[1, 52]% [56.447688564476884, 50.60926076360682, 0.6130734876167275, 0.6115166261151662, -17, [810, 423], [902, 329], [1711, 752], 5.838427800870065, 0.044300427825964904, 0.1568623126215028]
%[1, 53]% [56.2753036437247, 50.607287449392715, 0.6318347509113001, 0.6307692307692307, -11, [1022, 213], [1018, 217], [2039, 430], 5.668016194331983, 0.044231499096023356, 0.15716721333876635]
%[1, 54]% [56.62063363119415, 50.89430894308943, 0.6308943089430894, 0.6303818034118602, -20, [1019, 212], [1015, 215], [2033, 427], 5.726324688104725, 0.04366576259698325, 0.15691237436477445]
%[1, 55]% [56.376929325751426, 51.017087062652564, 0.6356242374949166, 0.6352558895207149, -21, [1015, 216], [1011, 218], [2025, 434], 5.359842263098862, 0.045211302259677115, 0.15648371514841902]
%[1, 56]% [55.62753036437247, 50.607287449392715, 0.6285945727014985, 0.625910931174089, -11, [1028, 207], [1028, 207], [2055, 414], 5.020242914979754, 0.04291716511310378, 0.15753133596415383]
%[1, 57]% [56.19433198380567, 51.336032388663966, 0.5224787363304981, 0.5190283400809717, -11, [767, 468], [781, 454], [1547, 922], 4.858299595141702, 0.009685753327528442, 0.16298742082852197]
%[1, 58]% [56.980519480519476, 50.852965069049546, 0.5686433793663688, 0.5714285714285714, -18, [1059, 173], [1059, 172], [2117, 345], 6.12755441146993, 0.03071669651956504, 0.16010782541333277]
%[1, 59]% [56.422764227642276, 50.61025223759154, 0.6305939788445891, 0.6292682926829268, -22, [1015, 215], [1018, 211], [2032, 426], 5.812511990050737, 0.043523079549713385, 0.15693943242330277]
%[1, 60]% [56.82747342600164, 50.245499181669395, 0.6252045826513911, 0.6263286999182338, -36, [996, 227], [1011, 211], [2006, 438], 6.581974244332244, 0.04153373676509202, 0.15585178126175753]
%[1, 61]% [56.838656838656846, 50.24590163934426, 0.625, 0.6248976248976249, -40, [994, 227], [1009, 211], [2002, 438], 6.592755199312585, 0.04130159450359032, 0.15579492908547557]
%[1, 62]% [56.0593569661995, 50.24752475247525, 0.6262376237623762, 0.6207749381698269, -56, [1005, 208], [996, 216], [2000, 424], 5.8118322137242515, 0.03978972245167584, 0.15418179285540753]
%[1, 63]% [56.71887881286067, 50.619322873658135, 0.6339248865043334, 0.629843363561418, -57, [986, 227], [987, 224], [1973, 450], 6.0995559392025385, 0.04187412390864392, 0.1532943507346015]
%[1, 64]% [56.71887881286067, 50.619322873658135, 0.6339248865043334, 0.629843363561418, -57, [986, 227], [987, 224], [1973, 450], 6.0995559392025385, 0.04187412390864392, 0.1532943507346015]
%[1, 65]% [57.39495798319327, 52.14465937762826, 0.5878889823380993, 0.584873949579832, -102, [1041, 149], [1036, 153], [2076, 302], 5.250298605565014, 0.028374404191369263, 0.15353265378578138]
%[1, 66]% [56.460905349794245, 50.32948929159803, 0.6301482701812191, 0.6296296296296297, -52, [1012, 203], [1015, 199], [2026, 402], 6.131416058196216, 0.04382011191259695, 0.1531721116602233]
%[1, 67]% [55.612682090831186, 50.472103004291846, 0.6803946803946804, 0.6872322193658955, -149, [875, 292], [909, 256], [1784, 547], 5.14057908653934, 0.06043713372032922, 0.14076420067950735]
%[1, 68]% [56.24489795918367, 50.16339869281046, 0.6266339869281046, 0.6261224489795918, -32, [1001, 224], [1015, 209], [2015, 433], 6.081499266373207, 0.04188718729548984, 0.15576743180742397]
%[1, 69]% [56.64739884393064, 49.21552436003303, 0.5782734407269723, 0.5895953757225434, -59, [796, 415], [628, 583], [1424, 997], 7.431874483897609, 0.03293619378447188, 0.1555279832640747]
%[1, 70]% [56.622516556291394, 49.13007456503728, 0.5782932891466446, 0.5902317880794702, -66, [796, 412], [628, 579], [1424, 990], 7.492441991254111, 0.03274755578645518, 0.15537294152342798]
%[1, 71]% [56.75227837613919, 49.70954356846473, 0.557445043550394, 0.5766362883181442, -69, [738, 469], [814, 391], [1551, 860], 7.0427348076744565, 0.025491646640481716, 0.1565445140479662]
%[1, 72]% [56.738768718802, 49.29225645295587, 0.6507077435470441, 0.670549084858569, -78, [663, 539], [718, 483], [1256, 1146], 7.446512265846131, 0.052722301610205, 0.14919304770044575]
%[1, 73]% [58.48585690515807, 49.04246461282265, 0.6219816819317235, 0.6264559068219634, -78, [862, 340], [840, 361], [1702, 700], 9.443392292335425, 0.04349097363855519, 0.15214174870994576]
%[1, 74]% [58.43724023275145, 49.62593516209476, 0.6207900207900208, 0.6251039068994181, -75, [859, 344], [818, 385], [1677, 728], 8.811305070656687, 0.04364596037755637, 0.15215647568479634]
%[1, 75]% [57.535387177352206, 49.2089925062448, 0.6030820491461891, 0.6119900083263947, -79, [927, 274], [952, 249], [1878, 523], 8.326394671107408, 0.035249458705817895, 0.15411937948512916]
%[1, 76]% [58.35411471321695, 49.50083194675541, 0.6256239600665557, 0.6267664172901081, -76, [861, 342], [830, 372], [1691, 713], 8.85328276646154, 0.0442090636481858, 0.15186667307971666]
%[1, 77]% [57.421543681085666, 49.02459711620017, 0.649554518455664, 0.6590330788804071, -123, [703, 476], [617, 562], [1319, 1038], 8.396946564885496, 0.052315397944347204, 0.14541099770597024]
%[1, 78]% [58.069883527454245, 50.87427144046628, 0.5266444629475437, 0.5341098169717138, -78, [1011, 191], [930, 271], [1940, 462], 7.195612086987964, 0.011611631917119721, 0.15781152720600056]
%[1, 79]% [56.35627530364372, 50.60827250608273, 0.6315362788812323, 0.6299595141700405, -13, [1022, 213], [1016, 217], [2037, 430], 5.748002797560993, 0.04420930835753256, 0.15721953152364013]
%[1, 80]% [55.83468395461912, 51.013787510137874, 0.6666666666666666, 0.6831442463533225, -14, [989, 245], [1025, 208], [2013, 453], 4.820896444481249, 0.06693715311508303, 0.1488583720710572]
%[1, 81]% [56.06446140797286, 50.33955857385399, 0.6362478777589134, 0.6395250212044106, -124, [965, 214], [985, 193], [1950, 406], 5.724902834118865, 0.044216174676584265, 0.14810168705529358]
%[1, 82]% [58.41836734693877, 50.212765957446805, 0.5931914893617021, 0.6028911564625851, -130, [1019, 157], [1043, 132], [2061, 289], 8.205601389491967, 0.03238152894567936, 0.15087093641627258]
%[1, 83]% [55.08684863523573, 52.357320099255574, 0.517170045510964, 0.5277088502894954, -63, [1162, 47], [1154, 55], [2315, 102], 2.729528535980158, 0.007692061577348311, 0.1586309569380075]
%[1, 84]% [56.41025641025641, 51.86104218362283, 0.5366156392221763, 0.5343258891645989, -63, [1142, 67], [1128, 81], [2269, 148], 4.54921422663358, 0.013269336350850936, 0.15826188623395648]
%[1, 85]% [57.95918367346938, 52.08503679476697, 0.5680425010216592, 0.5804081632653061, -33, [1091, 134], [1108, 115], [2198, 249], 5.874146878702412, 0.02315176078919542, 0.15966542747047266]
%[1, 86]% [56.09555189456342, 50.618301731244856, 0.6183017312448474, 0.6177924217462932, -54, [1015, 199], [991, 222], [2005, 421], 5.4772501633185655, 0.039392746978816374, 0.15443686253150946]
%[1, 87]% [56.13168724279836, 50.5358615004122, 0.6184590028842192, 0.6172839506172839, -53, [1016, 199], [990, 223], [2005, 422], 5.595825742386154, 0.039437582918189905, 0.1543915077533625]
%[1, 88]% [56.06936416184971, 50.62034739454094, 0.6188507647788343, 0.620148637489678, -61, [1011, 200], [989, 220], [1999, 420], 5.44901676730877, 0.039253999005176156, 0.1540358316410317]
%[1, 89]% [56.79324894514768, 49.53586497890296, 0.5956099620092866, 0.5881856540084388, -111, [746, 439], [764, 421], [1510, 859], 7.257383966244724, 0.031226564027328138, 0.1520931385264091]
%[1, 90]% [56.28183361629881, 50.29736618521665, 0.6414613423959218, 0.6477079796264855, -126, [966, 212], [984, 193], [1949, 405], 5.984467431082159, 0.046223202547788014, 0.14742190912865824]
%[1, 91]% [56.28183361629881, 50.29736618521665, 0.6414613423959218, 0.6477079796264855, -126, [966, 212], [984, 193], [1949, 405], 5.984467431082159, 0.046223202547788014, 0.14742190912865824]
%[1, 92]% [57.301451750640474, 51.494449188727586, 0.5501922255446391, 0.5670367207514945, -139, [950, 221], [934, 237], [1883, 458], 5.807002561912888, 0.021726944058535192, 0.15190360220349824]
%[1, 93]% [55.96170583115752, 50.565709312445605, 0.6282107096212451, 0.6301131418624891, -183, [944, 205], [965, 184], [1908, 389], 5.395996518711918, 0.04055668355902745, 0.14693974605455828]
%[1, 94]% [55.96170583115752, 50.391644908616186, 0.6282107096212451, 0.6301131418624891, -183, [944, 205], [965, 184], [1908, 389], 5.570060922541337, 0.04045232742518822, 0.14696852193491497]
%[1, 95]% [56.661184210526315, 51.11111111111111, 0.6390946502057613, 0.6381578947368421, -50, [989, 227], [985, 230], [1973, 457], 5.550073099415208, 0.045527412665724264, 0.15375534636255078]
%[1, 96]% [57.70816158285243, 50.330033003300336, 0.5911716171617162, 0.5993404781533388, -56, [1059, 154], [1069, 143], [2127, 297], 7.378128579552097, 0.031066197619186376, 0.1561742415665382]
%[1, 97]% [57.130942452043364, 51.209341117597994, 0.637880684188569, 0.6413678065054211, -83, [995, 204], [987, 212], [1981, 416], 5.92160133444537, 0.043638111503610626, 0.15109487773645874]
%[1, 98]% [56.83942225998301, 49.95744680851064, 0.6320714589536367, 0.6355140186915887, -129, [968, 209], [990, 185], [1957, 394], 6.881975451472371, 0.04349624101581192, 0.14801952480655026]
%[1, 99]% [56.52173913043478, 50.49261083743842, 0.6317733990147784, 0.6283839212469237, -44, [1010, 209], [1002, 216], [2011, 425], 6.029128292996361, 0.04346273969155423, 0.15492601251179103]
%[1, 100]% [57.16612377850163, 50.44824775876121, 0.5558272208638957, 0.5545602605863192, -26, [942, 286], [928, 299], [1870, 584], 6.717876019740416, 0.023082035143587195, 0.1608936326736362]
%[1, 101]% [56.94330320460148, 51.151315789473685, 0.6258223684210527, 0.6220213640098603, -48, [1032, 185], [1013, 203], [2045, 387], 5.791987415127792, 0.04359641597655259, 0.15456999167792826]
%[1, 102]% [57.02547247329499, 50.74013157894737, 0.615953947368421, 0.6113393590797042, -48, [1033, 184], [1022, 194], [2055, 377], 6.28534089434762, 0.03916632604638213, 0.15575198084957265]
%[1, 103]% [56.414473684210535, 50.53497942386831, 0.6366255144032922, 0.6324013157894737, -50, [1002, 214], [996, 219], [1997, 433], 5.879494260342227, 0.044803816938596495, 0.1539678431893612]
%[1, 104]% [56.919275123558485, 49.299258037922506, 0.6224237427864798, 0.6235584843492586, -54, [979, 235], [965, 248], [1944, 482], 7.620017085635979, 0.040968299599983236, 0.15402622906319974]
%[1, 105]% [57.676685621445976, 49.674796747967484, 0.591869918699187, 0.5938261575954509, -20, [982, 249], [996, 234], [1977, 483], 8.001888873478492, 0.027080014081505257, 0.16060928386502388]
%[1, 106]% [56.418642681929676, 50.61324611610794, 0.5419222903885481, 0.5437448896156991, -35, [1160, 63], [1116, 107], [2275, 170], 5.805396565821738, 0.014530030106230503, 0.16070858190077256]
%[1, 107]% [56.414473684210535, 52.2633744855967, 0.5522633744855967, 0.5600328947368421, -50, [1126, 90], [1123, 92], [2248, 182], 4.151099198613835, 0.01690514568438746, 0.15946285951996275]
%[1, 108]% ValueError
%[1, 109]% ValueError
%[1, 110]% ValueError
%[1, 111]% ValueError
%[1, 112]% ValueError
%[1, 113]% ValueError
%[1, 114]% ValueError
%[1, 115]% [57.04971475142624, 50.163132137031, 0.5709624796084829, 0.5721271393643031, -28, [1081, 146], [1039, 187], [2119, 333], 6.886582614395238, 0.024726588613251877, 0.16050936415155642]
%[1, 116]% ValueError
%[1, 117]% [57.58106923751095, 50.70175438596492, 0.656140350877193, 0.6625766871165644, -200, [914, 227], [935, 205], [1848, 432], 6.8793148515460345, 0.05249069563129492, 0.14700110354775686]
%[1, 118]% [57.23049956178791, 50.78947368421053, 0.6425438596491229, 0.6450482033304119, -200, [928, 213], [940, 200], [1867, 413], 6.441025877577381, 0.04683246900115097, 0.14890118876515077]
%[1, 119]% [56.875, 50.580875781948166, 0.6362823949955317, 0.6348214285714285, -242, [894, 226], [879, 240], [1772, 466], 6.294124218051834, 0.04357596030716815, 0.14928517105750608]
%[1, 120]% [56.94444444444444, 49.71381847914963, 0.6377759607522485, 0.6405228758169934, -34, [974, 250], [993, 230], [1966, 480], 7.230625965294813, 0.047714046055629226, 0.15413433411757954]
%[1, 121]% [56.92055692055692, 49.67213114754098, 0.6377049180327868, 0.6388206388206388, -40, [971, 250], [990, 230], [1960, 480], 7.2484257730159385, 0.04759435126038848, 0.15398840868346414]
%[1, 122]% [57.32899022801303, 51.18174409127955, 0.5423797881010595, 0.5675895765472313, -26, [1086, 142], [1133, 94], [2218, 236], 6.147246136733486, 0.020200918628223173, 0.1612808578377918]
%[1, 123]% [57.32899022801303, 51.18174409127955, 0.5423797881010595, 0.5675895765472313, -26, [1086, 142], [1133, 94], [2218, 236], 6.147246136733486, 0.020200918628223173, 0.1612808578377918]
%[1, 124]% [57.32899022801303, 51.18174409127955, 0.5423797881010595, 0.5675895765472313, -26, [1086, 142], [1133, 94], [2218, 236], 6.147246136733486, 0.020200918628223173, 0.1612808578377918]
%[1, 125]% [57.09598031173093, 50.61626951520132, 0.6381930184804928, 0.638228055783429, -45, [998, 221], [998, 219], [1995, 440], 6.479710796529616, 0.04617140107086307, 0.15408907627086038]
%[1, 126]% [56.84987694831829, 50.123253903040265, 0.6390143737166324, 0.638228055783429, -45, [993, 226], [1002, 215], [1994, 441], 6.726623045278025, 0.046891132076662914, 0.153871491566626]
%[1, 127]% [56.84987694831829, 50.123253903040265, 0.6390143737166324, 0.638228055783429, -45, [993, 226], [1002, 215], [1994, 441], 6.726623045278025, 0.046891132076662914, 0.153871491566626]
%[1, 128]% [56.69421487603306, 51.69561621174525, 0.5140612076095947, 0.5338842975206611, -62, [1107, 103], [1188, 21], [2294, 124], 4.998598664287812, 0.004948851981372061, 0.15872853066376888]
%[1, 129]% [57.55102040816327, 50.695012264922326, 0.6436452799346138, 0.6514285714285715, -33, [992, 233], [1001, 222], [1992, 455], 6.856008143240942, 0.04786376121047082, 0.1540694507296137]
%[1, 130]% [56.97959183673469, 50.28618152085037, 0.6342460155292194, 0.6326530612244898, -33, [999, 226], [1012, 211], [2010, 437], 6.6934103158843214, 0.04389610127814215, 0.15524695301910077]
%[1, 131]% [57.877551020408156, 51.7579721995094, 0.4613812832039232, 0.4897959183673469, -33, [866, 359], [986, 237], [1852, 595], 6.119578820898752, -0.01826091147852665, 0.16029870453252199]
%[1, 132]% [58.04081632653061, 51.43090760425184, 0.6195341234164283, 0.6195918367346939, -33, [988, 237], [1032, 191], [2019, 428], 6.609908722278767, 0.039591255799867595, 0.15640065066093817]
%[1, 133]% [56.82747342600164, 49.631449631449634, 0.5460499386000819, 0.544562551103843, -37, [1136, 87], [1116, 105], [2251, 192], 7.196023794552005, 0.013928960885271595, 0.16061091889047624]
%[1, 134]% [56.21351125938282, 50.58430717863105, 0.6323038397328882, 0.6346955796497081, -84, [985, 214], [994, 204], [1978, 418], 5.629204080751769, 0.04299823106429812, 0.15070205824881847]
%[1, 135]% [56.37130801687764, 50.54852320675105, 0.6407766990291263, 0.6464135021097046, -111, [977, 208], [992, 193], [1969, 400], 5.822784810126592, 0.04569904755922046, 0.14838648184522388]
%[1, 136]% [56.19834710743802, 51.61290322580645, 0.5148883374689827, 0.5347107438016528, -62, [1095, 115], [1141, 68], [2235, 183], 4.585443881631569, 0.004504355396289683, 0.15874177176648094]
%[1, 137]% [57.40585774058577, 50.88013411567477, 0.624633431085044, 0.6242677824267783, -93, [1005, 190], [997, 196], [2001, 386], 6.525723624911002, 0.041817025604935235, 0.15053445985751387]
%[1, 138]% [57.55274261603376, 51.35135135135135, 0.6266891891891891, 0.6261603375527426, -112, [929, 256], [938, 246], [1866, 502], 6.201391264682414, 0.04286478570586926, 0.1492414159580831]
%[1, 139]% [57.09598031173093, 51.353568498769484, 0.5055395978662289, 0.5110746513535686, -43, [1131, 88], [1160, 59], [2290, 147], 5.74241181296145, 0.006137143210597737, 0.16094359243210832]
%[1, 140]% [56.45569620253165, 50.38038884192731, 0.6455428812843261, 0.6514767932489451, -113, [949, 236], [980, 203], [1928, 439], 6.0753073606043415, 0.04752946323012822, 0.14785545564198252]
%[1, 141]% [57.46938775510204, 50.20441537203598, 0.6035962402942379, 0.6008163265306122, -33, [713, 512], [685, 538], [1398, 1049], 7.264972383066059, 0.03574796394274875, 0.15732397310681717]
%[1, 142]% [56.24489795918367, 50.776778413736714, 0.6354720065386187, 0.636734693877551, -33, [1006, 219], [1006, 217], [2011, 436], 5.468119545446953, 0.044615667354441876, 0.1550416083417496]
%[1, 143]% [56.193601312551266, 50.49261083743842, 0.6120689655172413, 0.6136177194421657, -44, [1036, 183], [1044, 174], [2079, 357], 5.700990475112846, 0.035921617583884, 0.15684693919689577]
%[1, 144]% [56.568144499178985, 50.69843878389483, 0.6261298274445357, 0.6280788177339901, -46, [1019, 199], [1015, 202], [2033, 401], 5.869705715284155, 0.040258410188538575, 0.15549071581513849]
%[1, 145]% [56.01345668629099, 50.462573591253154, 0.6074884307951199, 0.6105971404541631, -103, [1017, 172], [1008, 181], [2024, 353], 5.55088309503784, 0.037370291687030974, 0.1515963325265923]
%[1, 146]% [56.507136859781696, 50.0, 0.5172268907563026, 0.5121746431570109, -100, [877, 314], [879, 311], [1755, 625], 6.507136859781696, 0.006875398830205453, 0.15594953905594727]
%[1, 147]% [57.13065755764304, 50.72711719418306, 0.5934159897392048, 0.5943637916310845, -141, [1036, 135], [1029, 140], [2064, 275], 6.403540363459982, 0.03271559906495132, 0.1498664634416219]
%[1, 148]% [57.55860953920776, 50.68825910931174, 0.6029947389720761, 0.6079223928860146, -9, [1053, 184], [1061, 174], [2113, 358], 6.870350429896021, 0.03392813901387936, 0.1597484849017073]
%[1, 149]% [57.72357723577236, 50.772986167615954, 0.6151342554922702, 0.6317073170731707, -22, [1025, 205], [1064, 165], [2089, 369], 6.950591068156406, 0.02748878987656074, 0.1605274859790461]
%[1, 150]% [57.15447154471545, 50.52888527257934, 0.6196094385679414, 0.6195121951219512, -22, [1032, 198], [1029, 200], [2060, 398], 6.625586272136111, 0.03807435751543286, 0.15835014416071944]
%[1, 151]% [57.14285714285714, 51.225490196078425, 0.5674019607843137, 0.5746938775510204, -32, [1082, 143], [1098, 126], [2179, 269], 5.9173669467787136, 0.019956882580433016, 0.1600634448054281]
%[1, 152]% [57.013945857260055, 50.24630541871922, 0.6235632183908046, 0.6210008203445447, -44, [1006, 213], [1003, 215], [2008, 428], 6.7676404385408375, 0.041466767417973484, 0.15547236381755067]
%[1, 153]% [58.40853158326497, 49.79457682826623, 0.6328542094455852, 0.6210008203445447, -45, [948, 271], [970, 247], [1917, 518], 8.613954754998737, 0.04447407614768653, 0.1545877144677308]
%[1, 154]% [56.76784249384742, 50.944946589975345, 0.38521560574948666, 0.3757178014766202, -45, [714, 505], [722, 495], [1435, 1000], 5.822895903872073, -0.0342076244785066, 0.15717975447020754]
%[1, 155]% [57.11934156378601, 50.82372322899506, 0.6210873146622735, 0.6213991769547325, -52, [1014, 201], [1017, 197], [2030, 398], 6.295618334790952, 0.03875616408847702, 0.15453164737182695]
%[1, 156]% [57.07196029776674, 50.703060380479734, 0.47745138601572196, 0.4747725392886683, -63, [1084, 125], [1078, 131], [2162, 255], 6.36889991728701, -0.008068219166330725, 0.1586122621239444]
%[1, 157]% [56.76784249384742, 50.944946589975345, 0.38521560574948666, 0.3757178014766202, -45, [714, 505], [722, 495], [1435, 1000], 5.822895903872073, -0.0342076244785066, 0.15717975447020754]
%[2, 2]% [54.59057071960298, 51.73841059602648, 0.41763245033112584, 0.40363937138130684, -64, [1036, 173], [1125, 83], [2160, 256], 2.852160123576496, -0.03362894250659753, 0.15520379658834543]
%[2, 3]% [56.16211745244003, 51.82119205298014, 0.5260761589403974, 0.5368072787427626, -64, [1129, 80], [1164, 44], [2292, 124], 4.340925399459891, 0.013322335501380313, 0.1582467516813664]
%[2, 4]% [56.65839536807279, 51.40728476821192, 0.5223509933774835, 0.5310173697270472, -64, [799, 410], [679, 529], [1478, 938], 5.251110599860866, 0.010208690057921884, 0.15847817523757318]
%[2, 5]% [55.831265508684865, 49.420529801324506, 0.7537251655629139, 0.7750206782464847, -64, [885, 324], [911, 297], [1796, 620], 6.4107357073603595, 0.08252112991762477, 0.13567253179551958]
%[2, 6]% [56.32754342431762, 51.98675496688742, 0.5757450331125827, 0.587262200165426, -64, [1075, 134], [1082, 126], [2156, 260], 4.3407884574302, 0.026857612346181805, 0.15651824974950798]
%[2, 7]% [54.83599663582843, 52.0605550883095, 0.4993689524610854, 0.5130361648444071, -103, [1171, 18], [1161, 28], [2331, 46], 2.7754415475189305, 0.0024726411400595584, 0.15611680876087564]
%[2, 8]% [55.99669148056245, 50.74503311258278, 0.6088576158940397, 0.6071133167907361, -64, [625, 584], [681, 527], [1264, 1152], 5.251658367979665, 0.04324537189985743, 0.1528026699651355]
%[2, 9]% [55.99669148056245, 51.98675496688742, 0.48841059602649006, 0.49545078577336643, -64, [1115, 94], [1146, 62], [2260, 156], 4.009936513675029, -0.0023905174029583962, 0.15878877666187913]
%[2, 10]% [54.92142266335814, 52.06953642384106, 0.5653973509933775, 0.5773366418527709, -64, [632, 577], [605, 603], [1236, 1180], 2.8518862395170856, 0.028834523250725094, 0.15616599669932957]
%[2, 11]% [54.92142266335814, 53.807947019867555, 0.5128311258278145, 0.5062034739454094, -64, [820, 389], [828, 380], [1647, 769], 1.1134756434905881, 0.007829963223428915, 0.15861355182632766]
%[2, 12]% [56.41025641025641, 51.90397350993378, 0.5542218543046358, 0.5574855252274608, -64, [1062, 147], [1089, 119], [2150, 266], 4.506282900322631, 0.021130994751753396, 0.1573940554796898]
%[2, 13]% [56.07940446650124, 53.062913907284766, 0.5161423841059603, 0.5277088502894954, -64, [866, 343], [917, 291], [1782, 634], 3.0164905592164715, 0.007168968732388604, 0.15864481441137918]
%[2, 14]% [55.831265508684865, 51.076158940397356, 0.4759933774834437, 0.48717948717948717, -64, [939, 270], [931, 277], [1869, 547], 4.755106568287509, -0.002866007930395619, 0.15878090291597746]
%[2, 15]% [56.72757475083057, 51.4546965918537, 0.5723192019950125, 0.5880398671096345, -74, [1061, 143], [1110, 93], [2170, 236], 5.272878158976873, 0.018315261637084402, 0.15720528922280738]
%[2, 16]% [54.755996691480554, 51.98675496688742, 0.5107615894039735, 0.5260545905707196, -64, [1186, 23], [1198, 10], [2383, 33], 2.7692417245931367, 0.007895603282562155, 0.1586102965397409]
%[2, 17]% [58.90637945318973, 54.68879668049793, 0.5371215263376192, 0.5443247721623861, -69, [819, 388], [1025, 180], [1844, 567], 4.217582772691799, 0.014795935880786796, 0.15791538242630399]
%[2, 18]% [55.004135649296934, 51.73841059602648, 0.49379139072847683, 0.5020678246484698, -64, [1139, 70], [1139, 69], [2277, 139], 3.265725053270451, 0.0004783237710693814, 0.1588060567017028]
%[2, 19]% [56.53621981681932, 52.416666666666664, 0.49416666666666664, 0.5029142381348876, -80, [917, 284], [1040, 160], [1956, 444], 4.1195531501526546, 0.0023767500122388206, 0.15739926798027457]
%[2, 20]% [55.08684863523573, 52.56622516556292, 0.5165562913907285, 0.5235732009925558, -64, [1020, 189], [1015, 193], [2034, 382], 2.520623469672813, 0.011061408464482288, 0.1584209175323736]
%[2, 21]% [54.59057071960298, 51.98675496688742, 0.5103476821192053, 0.5277088502894954, -64, [1182, 27], [1200, 8], [2381, 35], 2.603815752715562, 0.006635768968143211, 0.1586680209443924]
%[2, 22]% [55.66583953680728, 51.241721854304636, 0.5244205298013245, 0.533498759305211, -64, [1149, 60], [1153, 55], [2301, 115], 4.424117682502647, 0.008917620195853, 0.15855609623847225]
%[2, 23]% [54.59057071960298, 51.73841059602648, 0.5136589403973509, 0.5244003308519437, -64, [1174, 35], [1179, 29], [2352, 64], 2.852160123576496, 0.009201185987485165, 0.15853988663197965]
%[2, 24]% [56.575682382134, 52.317880794701985, 0.5223509933774835, 0.533498759305211, -64, [1052, 157], [1078, 130], [2129, 287], 4.257801587432013, 0.005342145037177383, 0.15871686174671187]
%[2, 25]% [58.229942100909845, 52.317880794701985, 0.6357615894039735, 0.6269644334160464, -64, [970, 239], [944, 264], [1914, 502], 5.91206130620786, 0.03087989773773989, 0.15577429055210262]
%[2, 26]% [54.59057071960298, 51.82119205298014, 0.41721854304635764, 0.40363937138130684, -64, [1036, 173], [1126, 82], [2161, 255], 2.769378666622842, -0.03413030608797705, 0.15509426936157475]
%[2, 27]% [54.4251447477254, 52.152317880794705, 0.47516556291390727, 0.4747725392886683, -64, [1162, 47], [1192, 16], [2353, 63], 2.272826866930693, -0.006918717693808853, 0.158655929790214]
%[2, 28]% [57.5859178541492, 53.48446683459278, 0.5602182123373899, 0.5783738474434199, -97, [865, 328], [914, 277], [1778, 605], 4.101451019556421, -0.0020207964068343545, 0.1560547925784066]
%[2, 29]% [54.92839090143218, 52.573839662447256, 0.5259384226064951, 0.540016849199663, -109, [1062, 125], [1138, 47], [2199, 172], 2.354551238984925, 0.01074217890245107, 0.1549698040083167]
%[2, 30]% [56.06446140797286, 51.35823429541596, 0.5008488964346349, 0.5139949109414759, -124, [875, 304], [1077, 101], [1951, 405], 4.7062271125568955, 0.001080681138208645, 0.15456015535191464]
%[2, 31]% [54.4251447477254, 53.062913907284766, 0.5711920529801324, 0.5822994210090985, -64, [896, 313], [997, 211], [1892, 524], 1.3622308404406311, 0.03137759074864798, 0.1556747624049524]
%[2, 32]% [55.33498759305211, 52.06953642384106, 0.5049668874172185, 0.5186104218362283, -64, [1123, 86], [1173, 35], [2295, 121], 3.2654511692110546, 0.0031375010676731336, 0.1587757681272835]
%[2, 33]% [55.91397849462365, 53.062913907284766, 0.5074503311258278, 0.5244003308519437, -64, [1016, 193], [1085, 123], [2100, 316], 2.8510645873388825, 0.006466445691932905, 0.1586750147280902]
%[2, 34]% [54.67328370554178, 51.98675496688742, 0.5099337748344371, 0.5119933829611248, -64, [695, 514], [714, 494], [1408, 1008], 2.68652873865436, 0.007148037584412177, 0.15864575927230534]
%[2, 35]% [55.91397849462365, 52.152317880794705, 0.4995860927152318, 0.5128205128205128, -64, [1168, 41], [1192, 16], [2359, 57], 3.761660613828944, 0.0030922169815625574, 0.15877665687471826]
%[2, 36]% [55.58312655086849, 52.56622516556292, 0.5215231788079471, 0.5359801488833746, -64, [812, 397], [755, 453], [1567, 849], 3.016901385305573, 0.007845767434464385, 0.15861277053826017]
%[2, 37]% [55.831265508684865, 51.82119205298014, 0.4929635761589404, 0.5136476426799007, -64, [1157, 52], [1174, 34], [2330, 86], 4.0100734557047275, 0.0010965701858728927, 0.1588029898000187]
%[2, 38]% [55.33498759305211, 52.152317880794705, 0.5045529801324503, 0.5103391232423491, -64, [1051, 158], [1100, 108], [2150, 266], 3.1826697122574075, 0.005773206124242568, 0.1587017606183229]
%[2, 39]% [57.0954356846473, 53.11203319502075, 0.5168119551681195, 0.537759336099585, -71, [1070, 135], [1092, 113], [2161, 248], 3.983402489626549, 0.011510606770101748, 0.15790405423002146]
%[2, 40]% [55.748552522746074, 51.5728476821192, 0.5008278145695364, 0.5136476426799007, -64, [1170, 39], [1183, 25], [2352, 64], 4.175704840626871, 0.0038630781781594484, 0.15875976499432054]
%[2, 41]% [56.65839536807279, 52.06953642384106, 0.4230132450331126, 0.43093465674110837, -64, [1101, 108], [1117, 91], [2217, 199], 4.588858944231731, -0.020664615050846376, 0.15745599193369095]
%[2, 42]% [54.92142266335814, 51.5728476821192, 0.49379139072847683, 0.5053763440860215, -64, [1182, 27], [1181, 27], [2362, 54], 3.34857498123894, 0.0023511486337674374, 0.15878936470881624]
%[2, 43]% [55.58312655086849, 52.483443708609265, 0.5682947019867549, 0.5665839536807279, -64, [660, 549], [654, 554], [1313, 1103], 3.0996828422592273, 0.0340388941251679, 0.1551143657096868]
%[2, 44]% [55.58312655086849, 52.483443708609265, 0.5682947019867549, 0.5665839536807279, -64, [660, 549], [654, 554], [1313, 1103], 3.0996828422592273, 0.0340388941251679, 0.1551143657096868]
%[2, 45]% [55.58312655086849, 52.152317880794705, 0.5008278145695364, 0.5119933829611248, -64, [1118, 91], [1146, 62], [2263, 153], 3.4308086700737874, 0.0028377119081699296, 0.1587814113497723]
%[2, 46]% [56.700167504187604, 50.29337803855826, 0.5062866722548198, 0.52428810720268, -94, [1098, 96], [1132, 61], [2229, 157], 6.406789465629345, 0.0045469713031196434, 0.15604537408673855]
%[2, 47]% [57.154673283705534, 51.73841059602648, 0.6175496688741722, 0.7014061207609594, -64, [971, 238], [1151, 57], [2122, 294], 5.416262687679051, 0.024021797720959644, 0.15697868270885107]
%[2, 48]% [56.700167504187604, 50.29337803855826, 0.5062866722548198, 0.52428810720268, -94, [1098, 96], [1132, 61], [2229, 157], 6.406789465629345, 0.0045469713031196434, 0.15604537408673855]
%[2, 49]% [57.154673283705534, 51.73841059602648, 0.6175496688741722, 0.7014061207609594, -64, [971, 238], [1151, 57], [2122, 294], 5.416262687679051, 0.024021797720959644, 0.15697868270885107]
%[2, 50]% [57.48552522746071, 51.076158940397356, 0.5082781456953642, 0.5252274607113316, -64, [947, 262], [943, 265], [1890, 526], 6.4093662870633565, 0.004515639401429536, 0.1587425371185408]
%[2, 51]% [56.41025641025641, 51.73841059602648, 0.5769867549668874, 0.5880893300248139, -64, [814, 395], [931, 277], [1744, 672], 4.6718458142299255, 0.03794563793583421, 0.15420481469493186]
