%[1, 1, 1]% [54.16329830234439, 48.62459546925567, 0.6322815533980582, 0.6491511721907841, -8, [1012, 225], [1056, 180], [2067, 405], 5.5387028330887205, 0.16229306069778393, 0.8091402861413921]
%[1, 1, 2]% [55.91397849462365, 47.930463576158935, 0.6788079470198676, 0.6997518610421837, -64, [964, 245], [993, 215], [1956, 460], 7.983514918464714, 0.2841501792535087, 0.7832269777229397]
%[1, 1, 3]% [54.82562854825629, 48.05194805194805, 0.6205357142857143, 0.6334144363341444, -16, [1034, 199], [1060, 172], [2093, 371], 6.773680496308238, 0.13841132297144307, 0.8147929980290102]
%[1, 1, 4]% [56.899350649350644, 48.82209585702681, 0.6060113728675873, 0.6290584415584416, -18, [908, 324], [994, 237], [1901, 561], 8.077254792323835, 0.15564464612475845, 0.8119945088598581]
%[1, 1, 5]% [55.29506871463218, 48.54368932038835, 0.5703883495145631, 0.6038803556992725, -8, [1108, 129], [1165, 71], [2272, 200], 6.751379394243827, 0.11828332271390748, 0.8167380810150885]
%[1, 1, 6]% [52.226720647773284, 49.23076923076923, 0.49655731065208586, 0.5052631578947369, -11, [1224, 11], [1225, 10], [2448, 21], 2.9959514170040507, -0.012975165118761707, 0.8256284546142708]
%[1, 1, 7]% [53.74264087468461, 50.210260723296884, 0.5006310475389146, 0.5147182506307821, -103, [949, 240], [1059, 130], [2008, 369], 3.532380151387727, -0.003699482816279712, 0.8386549822106355]
%[1, 1, 8]% [54.42729488220959, 48.08787632221318, 0.5982106547376983, 0.6141348497156783, -21, [1007, 224], [1063, 166], [2069, 390], 6.33941855999641, 0.14777376633341985, 0.8139267720510038]
%[1, 1, 9]% [54.26482534524777, 47.762408462164366, 0.5941439609597398, 0.6108854589764419, -21, [1043, 188], [1081, 148], [2123, 336], 6.502416883083406, 0.13909483285588237, 0.8154554044536567]
%[1, 1, 10]% [53.29000812347685, 51.6680227827502, 0.522163481089874, 0.5247766043866775, -21, [812, 419], [800, 429], [1612, 847], 1.6219853407266527, 0.06349335670859022, 0.8247967712728879]
%[1, 1, 11]% [52.67050123253904, 48.10855263157895, 0.6040296052631579, 0.6220213640098603, -48, [1016, 201], [1073, 143], [2088, 344], 4.561948600960086, 0.16209913045167923, 0.8148952318594437]
%[1, 1, 12]% [53.20356853203568, 48.25345247766044, 0.6045473000406009, 0.6236820762368208, -17, [1026, 207], [1081, 150], [2106, 357], 4.950116054375243, 0.15634489582168634, 0.8117032970055221]
%[1, 1, 13]% [55.11875511875511, 49.67213114754098, 0.5053278688524591, 0.5208845208845209, -40, [894, 327], [929, 291], [1823, 617], 5.44662397121413, 0.006591838695963875, 0.8298642509084864]
%[1, 1, 14]% [53.978671041837565, 50.36976170912079, 0.5051334702258727, 0.5061525840853158, -45, [988, 231], [974, 243], [1961, 474], 3.6089093327167774, 0.0022597898448027624, 0.8306695600107581]
%[1, 1, 15]% [54.15282392026578, 48.21280133000832, 0.6014131338320865, 0.6212624584717608, -74, [972, 232], [1046, 157], [2017, 389], 5.940022590257463, 0.16128287707778283, 0.8188756421619453]
%[1, 1, 16]% [55.28255528255528, 49.385749385749385, 0.5448586644817698, 0.5847665847665847, -39, [616, 605], [672, 549], [1288, 1153], 5.896805896805894, 0.26055033565397784, 0.7877338009124379]
%[1, 1, 17]% [53.43827671913836, 48.79668049792531, 0.49647449191206966, 0.5103562551781275, -69, [1169, 38], [1157, 48], [2325, 86], 4.6415962212130495, 0.003871047116077475, 0.8339433975102475]
%[1, 1, 18]% [55.748552522746074, 50.496688741721854, 0.47102649006622516, 0.48221670802315963, -64, [704, 505], [764, 444], [1467, 949], 5.25186378102422, 0.05430909221535487, 0.8314256175091254]
%[1, 1, 19]% [56.86927560366362, 48.66666666666667, 0.5291666666666667, 0.5378850957535387, -80, [871, 330], [842, 358], [1712, 688], 8.202608936996945, 0.022533241907755533, 0.8350508795158432]
%[1, 1, 20]% [54.90673154906731, 50.121654501216554, 0.5103448275862069, 0.5304136253041363, -15, [1127, 106], [1096, 137], [2222, 243], 4.785077047850756, 0.0008051522121468132, 0.8263723384385081]
%[1, 1, 21]% [54.70155355682748, 49.795584627964026, 0.5423312883435583, 0.5674570727718724, -35, [1094, 129], [1143, 80], [2236, 209], 4.905968928863452, 0.03546416822874229, 0.8284469960603268]
%[1, 1, 22]% [53.51530190239868, 48.01324503311258, 0.6059602649006622, 0.6244830438378826, -64, [999, 210], [1058, 150], [2056, 360], 5.5020568692861005, 0.1633226460968422, 0.8170274929780774]
%[1, 1, 23]% [53.98373983739837, 48.4947111472742, 0.6342554922701383, 0.6479674796747967, -22, [997, 233], [1040, 189], [2036, 422], 5.489028690124165, 0.16357035749418353, 0.8110462813657408]
%[1, 1, 24]% [53.344208809135395, 49.714285714285715, 0.2689795918367347, 0.28548123980424145, -30, [966, 260], [908, 317], [1873, 577], 3.62992309484968, -0.17355240062791474, 0.8100737815522991]
%[1, 1, 25]% [56.28099173553719, 50.62034739454094, 0.24772539288668322, 0.2636363636363636, -62, [710, 500], [731, 478], [1440, 978], 5.6606443409962495, -0.2616396608975823, 0.7908670233486671]
%[1, 1, 26]% [55.74572127139364, 50.53061224489795, 0.39004487964096285, 0.39364303178484106, -29, [778, 449], [835, 390], [1613, 838], 5.215109026495689, -0.09157775441562337, 0.823216146106114]
%[1, 1, 27]% [53.2617671345995, 51.03391232423491, 0.1653575857792476, 0.1791907514450867, -61, [745, 466], [760, 449], [1504, 915], 2.2278548103645903, -0.3384148766059134, 0.7609831725615569]
%[1, 1, 28]% [56.24476110645432, 48.44668345927792, 0.4863617289131347, 0.5297569153394803, -97, [806, 387], [760, 431], [1566, 817], 7.798077647176399, 0.02856829903779088, 0.8372471561847957]
%[1, 1, 29]% [52.82224094355518, 49.62025316455696, 0.5027414592998735, 0.518955349620893, -109, [1139, 48], [1181, 4], [2319, 52], 3.201987778998223, -0.0037222540061818753, 0.8395947803196195]
%[1, 1, 30]% [53.859202714164546, 49.9151103565365, 0.5033955857385399, 0.5131467345207803, -124, [1102, 77], [1139, 39], [2240, 116], 3.944092357628044, -0.0032731701441248325, 0.8417728588912643]
%[1, 1, 31]% [53.03152789005659, 50.0, 0.6290453074433657, 0.6265157639450283, -8, [969, 268], [955, 281], [1923, 549], 3.031527890056587, 0.25160393437135564, 0.785956449609439]
%[1, 1, 32]% [53.2617671345995, 49.21552436003303, 0.4923585295332507, 0.5053674649050371, -59, [1010, 201], [1127, 84], [2136, 285], 4.046242774566473, -0.018919808861639124, 0.8323209755863227]
%[1, 1, 33]% [53.181076672104396, 49.63265306122449, 0.4922448979591837, 0.5040783034257749, -30, [1136, 90], [1178, 47], [2313, 137], 3.548423610879908, -0.009820207089793925, 0.828405571294892]
%[1, 1, 34]% [52.27642276422764, 48.982912937347436, 0.48657445077298617, 0.4943089430894309, -22, [1206, 24], [1220, 9], [2425, 33], 3.2935098268802037, -0.023567632313566154, 0.827046892513351]
%[1, 1, 35]% [53.88389206868357, 47.914963205233036, 0.530879345603272, 0.5486508585445625, -35, [1148, 75], [1164, 59], [2311, 134], 5.968928863450536, 0.05651475442211565, 0.8272771136760008]
%[1, 1, 36]% [52.177485620377986, 49.38373048479869, 0.4907521578298397, 0.5020542317173378, -47, [1207, 10], [1204, 13], [2411, 22], 2.7937551355792962, -0.019404859734914258, 0.8306793344272887]
%[1, 1, 37]% [52.89795918367347, 49.18300653594771, 0.49387254901960786, 0.5102040816326531, -32, [1206, 19], [1218, 6], [2423, 25], 3.7149526477257595, -0.012614132142534443, 0.828641681228713]
%[1, 1, 38]% [55.96707818930041, 51.36026380873866, 0.2777091058920478, 0.297119341563786, -53, [709, 506], [704, 509], [1412, 1015], 4.606814380561751, -0.23678358720072906, 0.797130613436227]
%[1, 1, 39]% [57.42738589211618, 49.54356846473029, 0.4030718140307181, 0.41161825726141077, -71, [690, 515], [698, 507], [1387, 1022], 7.883817427385885, -0.02101041588757532, 0.8339103035710826]
%[1, 1, 40]% [55.87275693311582, 49.224489795918366, 0.37183673469387757, 0.39559543230016314, -30, [759, 467], [752, 473], [1510, 940], 6.64826713719745, -0.05410890073192363, 0.8266941984565872]
%[1, 1, 41]% [54.59723352318958, 48.90154597233523, 0.5702075702075702, 0.5842148087876322, -23, [1107, 122], [1129, 100], [2235, 222], 5.695687550854352, 0.07401046783981355, 0.8242336881578869]
%[1, 1, 42]% [55.02040816326531, 48.529411764705884, 0.5870098039215687, 0.5983673469387755, -32, [1076, 149], [1094, 130], [2169, 279], 6.490996398559425, 0.09376185236413495, 0.8234144397487775]
